637,282,641,282,647,286,651,286,661,293,663,293,671,303,672,304,672,316,665,323,657,323,635,303,627,303,625,301,621,301,618,298,618,285,620,281,621,280,635,280
619,282,623,286,624,286,626,290,626,297,622,301,610,307,592,325,588,327,578,327,574,323,572,307,572,305,582,293,610,280,611,280
309,298,310,299,322,319,322,325,321,327,317,331,309,333,308,333,306,332,288,332,280,328,240,330,228,326,226,325,226,320,227,319,235,309,237,299,243,291,243,291,255,287,281,287
464,348,453,337,455,320,461,314,519,312,539,308,549,308,555,312,557,314,559,328,557,335,556,336,550,340,522,344,520,344,512,340,478,340,466,348
485,336,487,334,489,336,517,336,524,343,524,351,520,359,519,360,515,360,513,362,507,362,505,360,469,360,465,362,463,360,458,360,454,352,454,350,455,349,454,348,454,346,460,338,464,336,477,336,479,334,483,334
252,352,291,346,406,350,409,350,421,356,422,359,426,388,426,390,414,406,411,407,136,409,134,409,133,406,127,359,127,357,129,356,197,344,199,344
465,397,471,395,476,397,478,395,510,395,512,397,528,397,532,403,532,411,526,418,525,418,439,420,434,416,434,406,447,393
594,420,590,418,588,415,588,414,590,402,598,398,599,397,629,397,631,395,633,397,655,397,660,402,662,408,662,418,658,420,650,420,648,418,622,418,620,420
412,427,412,441,410,444,410,448,406,450,368,450,366,448,360,448,356,436,351,432,343,434,343,430,344,428,393,426,395,424,407,422
364,430,364,448,356,452,313,452,305,450,303,452,283,452,281,450,269,450,267,448,267,430,273,426,315,428,317,426,358,426
