457,130,467,143,468,144,465,169,455,178,259,184,256,181,253,141,253,140,259,130,263,129,455,129
597,135,598,136,601,143,603,178,593,187,510,184,497,178,495,176,492,170,495,146,495,143,499,136,505,133,507,132,571,132,574,129,587,129
386,281,386,303,380,309,354,309,351,306,329,306,322,296,322,281,325,278,325,275,380,275
46,566,46,584,43,587,43,590,38,595,22,595,17,590,17,587,14,584,14,569,19,564,22,564,25,561,41,561
420,649,422,649,611,713,616,718,619,733,617,736,589,807,587,810,582,812,377,747,166,750,163,749,160,744,160,661,162,656,165,655,226,640,227,640
431,835,441,835,444,838,457,838,467,844,467,856,463,860,463,863,431,863,428,860,418,860,409,853,406,853,399,847,399,838,402,835,402,832,428,832
536,841,537,843,537,858,532,863,526,863,523,866,503,866,500,869,494,869,491,866,484,866,481,869,478,866,468,866,467,864,467,852,470,849,470,846,471,844,503,844,507,841,523,841,526,838
399,863,412,863,415,866,441,866,444,869,450,869,454,872,457,872,460,875,460,887,457,890,412,890,409,887,393,887,389,884,380,884,373,878,373,872,377,869,377,863,380,863,383,860,396,860
449,869,462,869,465,872,503,872,507,875,516,875,518,876,518,892,516,893,510,893,507,896,481,896,478,893,449,893,446,890,430,890,414,884,404,884,404,881,414,878,423,866,446,866
553,883,553,892,548,896,513,896,503,890,500,890,499,889,499,886,502,883,499,880,499,876,500,875,545,875
