458,424,472,432,485,447,487,449,487,451,479,456,477,458,472,458,447,445,426,445,407,453,393,466,380,458,378,456,378,451,386,441,413,425,415,424,423,424,426,421
352,490,339,501,65,501,65,498,62,456,62,454,70,446,73,446,350,443,352,443
394,450,397,450,397,466,394,468,394,481,392,484,392,494,394,497,389,504,388,507,377,507,371,499,370,498,370,490,367,488,367,482,370,480,370,467,373,464,373,459,385,447,390,447
488,453,491,453,492,454,492,456,500,467,500,472,503,475,503,495,498,503,498,506,496,507,494,507,491,510,483,510,480,507,477,507,476,506,476,503,473,501,473,493,476,490,476,464,473,462,473,456,480,450,485,450
332,506,332,519,324,524,323,525,309,525,306,528,230,528,226,524,226,502,232,499,318,499
179,502,206,502,213,508,213,524,209,528,179,528,176,530,160,530,157,528,154,530,152,528,141,528,137,524,137,506,142,503,143,502,173,502,176,499
128,507,131,508,131,521,128,524,128,527,127,528,119,528,116,530,89,530,81,525,80,524,80,511,88,504,126,504
403,512,411,515,416,520,430,523,432,525,435,527,435,540,428,546,420,546,418,543,412,543,393,533,390,533,378,521,378,519,375,516,375,503,384,497,386,497
488,510,489,511,489,519,487,521,487,524,476,534,468,537,464,541,458,541,456,543,437,543,435,542,435,540,432,537,432,532,438,524,439,523,445,523,458,515,461,515,475,504,480,504
356,704,354,703,351,698,354,687,359,682,381,677,385,673,390,673,393,676,420,676,423,678,450,678,453,684,454,685,454,695,451,700,446,703,445,704,439,702,405,702,403,704
361,719,361,732,358,734,358,737,355,737,350,742,343,742,343,739,340,737,340,734,337,732,340,729,340,721,347,715,358,715
