622,133,624,135,624,141,627,144,627,163,624,169,624,170,618,173,586,173,583,176,570,176,567,180,542,180,538,176,538,146,542,140,543,140,594,133,606,127,613,127
365,143,365,167,352,176,330,176,327,180,311,180,308,183,292,183,289,186,286,186,270,180,270,178,267,150,267,149,270,146,270,140,276,136,301,136,305,133,317,133,320,130,355,130
273,260,270,260,257,253,244,232,244,229,251,220,311,189,347,189,369,195,385,204,387,206,390,215,390,232,384,244,380,244,346,229,320,229,305,235
625,192,641,204,643,206,643,236,640,243,638,244,629,244,603,229,578,229,540,256,531,260,529,260,507,238,507,226,516,216,570,189,583,186,584,186
143,263,143,286,146,289,143,298,143,300,137,303,52,306,42,303,39,306,20,306,11,303,7,303,4,296,7,278,7,275,17,269,71,266,74,266,75,267,77,266,80,266,82,267,83,266,86,266,90,269,120,260,140,260
20,309,61,309,64,312,64,327,63,330,60,330,56,333,15,333,12,330,9,330,1,323,1,316,4,312,4,309,7,309,11,306,17,306
118,310,118,326,113,330,91,330,88,333,66,333,61,329,61,313,63,312,66,312,69,309,85,309,88,306,113,306
594,469,595,470,595,486,580,495,578,496,562,496,559,500,550,500,546,503,521,503,513,495,513,489,516,486,516,470,523,467,524,466,569,466,572,463,584,463
333,473,336,480,336,486,333,492,331,493,319,500,293,500,290,503,256,503,251,498,251,492,254,489,254,476,270,469,271,470,273,469,324,469
252,570,243,567,230,549,227,547,227,535,229,533,273,509,292,503,346,509,347,509,366,515,374,523,371,550,371,552,361,558,358,558,327,546,295,546,254,570
602,506,605,506,618,512,624,521,624,535,618,550,616,552,600,552,581,543,556,543,537,549,515,564,504,564,488,546,488,530,548,503
142,650,143,652,143,661,137,670,135,672,129,672,113,681,104,681,101,684,91,684,88,687,69,690,60,684,58,683,58,676,55,673,58,661,60,660,66,660,69,656,94,653,107,647,126,647,129,644,139,644
69,767,72,764,79,767,80,769,79,770,72,773,72,784,74,783,86,792,86,813,93,816,91,820,85,823,85,832,79,835,79,841,72,844,71,843,64,824,48,812,33,812,36,803,33,800,33,790,26,789,23,792,20,792,14,786,14,773,15,770,28,764,31,767,41,764,44,767,47,764,66,764
581,798,583,800,583,803,586,806,586,818,581,823,565,823,562,826,527,826,524,823,521,823,520,821,520,818,516,815,516,809,520,806,520,803,529,796,531,795,562,795,565,792,572,792
474,806,477,806,480,809,480,826,471,826,467,829,452,829,448,826,442,826,440,824,440,818,445,815,445,809,452,803,471,803
169,816,169,823,172,826,172,832,175,835,175,838,169,844,153,841,150,844,109,844,105,841,102,841,102,835,99,832,99,829,105,816,112,816,115,813,165,813
60,827,60,840,56,843,53,843,50,846,28,846,25,843,25,833,28,830,28,827,31,824,34,824,37,821,53,821
406,846,406,858,403,864,390,876,384,880,382,881,376,881,373,884,363,884,360,887,331,890,330,889,330,870,336,864,380,843,382,841,401,841
589,860,589,863,586,866,586,881,580,887,561,890,557,893,542,893,538,896,504,896,501,893,488,893,482,890,478,884,478,863,485,856,505,856,521,863,529,863,532,860,548,860,570,850,583,850
175,869,175,892,165,904,165,906,143,918,134,918,112,930,109,930,107,929,105,930,90,930,86,933,83,933,71,924,71,893,86,887,109,887,137,872,143,872,162,863,165,863
602,896,605,903,605,918,595,933,595,936,583,943,576,943,573,946,554,946,551,949,532,949,526,943,526,936,532,930,532,927,526,921,526,912,529,909,545,909,548,906,564,906,567,903,576,903,592,893,595,893
404,896,406,898,409,913,406,923,406,924,399,930,339,955,330,955,317,961,301,961,298,958,298,956,301,947,311,938,317,926,352,913,377,895,379,893,395,890
486,909,531,909,537,915,538,918,535,924,535,933,538,936,538,940,529,949,491,949,488,946,478,946,475,943,463,943,453,936,453,927,459,915,469,906,483,906
178,920,175,938,150,960,137,966,135,967,110,970,107,973,88,973,83,969,83,963,86,960,86,947,91,943,107,943,110,940,116,940,135,927,142,927,148,921,154,921,164,915,173,915
254,1069,257,1069,260,1075,263,1075,267,1081,286,1087,292,1100,292,1103,290,1104,292,1106,290,1109,278,1115,275,1112,265,1112,262,1109,256,1109,246,1103,240,1103,232,1095,226,1083,226,1061,229,1056,241,1056
188,1089,188,1107,181,1116,159,1129,158,1130,145,1130,126,1143,113,1146,112,1147,115,1156,110,1161,101,1161,99,1160,102,1147,90,1138,90,1116,97,1109,123,1109,126,1106,145,1103,173,1084,183,1084
478,1109,485,1109,488,1112,497,1112,504,1121,504,1132,501,1135,501,1141,488,1150,486,1152,480,1152,477,1149,471,1149,458,1143,439,1127,437,1127,431,1115,431,1103,440,1093,447,1093
275,1121,290,1124,293,1127,312,1127,319,1130,320,1130,324,1136,324,1153,317,1169,316,1170,290,1170,287,1167,278,1167,275,1164,252,1158,243,1149,241,1149,235,1136,235,1127,232,1121,232,1118,238,1109,252,1109
