262,229,262,235,261,236,268,243,268,245,256,251,245,253,229,270,221,270,219,268,219,255,223,247,221,243,221,235,223,231,229,225,234,225,236,223,253,223
278,225,284,225,293,231,295,231,299,235,299,241,301,243,301,244,299,250,298,251,296,251,287,261,265,249,263,249,258,244,258,240,260,238,260,230,263,227,275,223,276,223
280,231,280,233,277,236,280,239,284,237,284,234,285,233,289,233,294,237,295,237,301,247,317,255,320,255,327,262,329,273,321,283,320,284,314,286,301,286,295,276,280,261,268,253,266,249,266,229,268,227,278,227
223,254,223,256,224,257,226,257,227,258,227,264,223,267,219,277,218,278,203,278,197,274,196,273,196,271,194,269,194,260,198,254,198,252,208,246,208,245,214,245
268,325,267,324,266,325,264,325,258,319,250,317,247,292,243,290,243,288,247,284,272,284,283,293,284,292,293,292,297,296,297,298,296,299,297,300,297,302,296,303,297,304,297,317,290,321,284,321,278,317,276,317,270,325
212,292,213,292,215,296,215,306,217,308,217,317,227,333,237,341,237,347,227,356,219,356,211,351,198,335,190,304,190,303,192,297,200,291,201,290,208,290
323,300,329,300,333,304,333,321,331,323,327,337,311,354,305,358,297,358,293,351,293,341,307,323,307,308,309,304,317,298,319,298
247,345,254,345,256,347,258,347,262,351,262,364,260,366,260,368,258,368,256,370,249,370,247,368,243,368,241,366,235,366,233,364,231,364,225,358,225,351,231,345,231,343,245,343
293,348,293,350,295,352,295,355,297,357,297,363,294,366,291,366,289,368,277,368,275,370,261,370,256,365,256,361,258,359,258,352,264,348,265,347,275,347,277,345,291,345
354,418,355,420,355,447,349,453,204,453,200,451,199,449,199,420,200,418,208,412,346,412
229,470,282,470,305,474,334,472,336,472,342,476,343,477,345,494,343,496,216,498,207,496,205,494,203,471,204,470,213,466
361,472,367,472,372,477,372,494,369,497,351,497,348,494,348,492,346,490,346,475,351,470,359,470
451,472,454,475,454,495,452,497,451,497,418,495,416,497,377,497,374,493,374,474,377,470,378,470
467,476,493,476,497,480,497,495,495,497,458,497,456,495,456,478,459,474,465,474
221,503,235,503,237,505,260,505,264,511,264,513,260,521,260,527,258,529,208,529,204,524,206,510,204,506,208,501,219,501
432,503,489,505,493,511,493,527,491,529,434,529,432,527,395,527,393,507,393,505,394,505,429,501,430,501
391,508,391,526,390,527,269,529,262,522,266,508,267,507,390,507
