211,67,249,65,251,67,252,65,254,65,256,67,267,67,286,73,287,73,291,79,291,88,287,94,282,96,263,96,235,90,205,88,195,83,194,82,194,69,200,65,201,65
272,101,301,119,302,121,302,147,300,151,299,152,287,156,285,156,258,144,195,150,194,150,189,146,188,145,180,127,178,104,178,102,179,101,185,99,187,99,199,103,210,99,256,97,258,97
296,121,302,126,298,150,292,156,292,171,291,173,280,179,264,179,246,171,230,146,198,140,194,136,193,133,194,131,189,128,188,126,188,121,189,119,190,119,200,125,201,126,201,128,239,126,245,124,245,119,247,117
137,58,139,60,140,63,132,87,138,102,138,103,114,292,113,294,103,312,101,314,100,314,51,312,48,311,42,305,41,302,63,109,64,107,77,86,71,63,72,60,82,48,84,46,86,46
390,87,392,89,402,103,403,106,399,120,396,123,386,125,404,139,405,141,413,190,413,319,412,322,400,337,397,339,342,341,339,339,327,324,326,322,340,208,334,136,340,93,342,90,352,83,355,82
191,197,211,197,231,201,233,201,237,205,237,220,235,222,235,243,231,249,229,250,172,250,164,248,162,247,158,233,158,231,164,213,166,198,166,197,168,195,190,195
299,204,303,209,303,223,302,224,302,228,303,229,303,231,302,232,303,233,303,235,297,243,295,243,294,242,277,242,275,240,257,240,251,234,251,230,253,228,252,227,252,225,253,224,250,215,250,208,255,203,298,203
286,259,290,257,298,257,299,258,303,264,303,278,299,284,295,286,294,287,251,287,245,289,237,283,236,281,234,275,234,260,239,255,275,255
194,256,195,257,215,259,217,260,223,268,223,296,219,308,218,310,217,310,178,308,168,304,166,303,164,299,164,264,166,258,167,257,171,255,192,255
303,272,304,272,306,278,306,325,304,329,302,330,292,330,283,326,269,326,255,322,249,316,249,302,236,288,235,287,237,277,239,275,240,275,248,279,260,279,262,281,280,281,297,271,301,271
