541,230,539,237,541,240,531,245,502,245,485,250,473,250,456,258,442,258,439,259,434,251,439,244,441,241,479,229,491,229,494,226,537,226
557,230,559,230,564,235,564,240,559,245,537,245,535,243,530,243,528,240,525,240,525,235,530,230,533,230,535,227,554,227
580,231,592,231,594,234,599,234,602,236,604,236,609,241,609,249,606,251,606,254,602,254,599,256,594,256,592,254,582,254,580,251,568,251,565,249,560,249,558,246,558,241,556,239,560,230,575,230,577,229
648,259,648,279,645,282,604,282,600,280,599,282,568,282,567,280,565,282,563,282,562,280,560,282,558,282,556,279,546,279,536,261,536,259,541,254,599,256,621,249,638,249
531,260,531,275,525,282,443,284,424,289,402,289,396,283,396,268,407,256,462,259,484,254,523,251
587,283,587,298,585,303,583,305,576,307,468,307,464,302,466,289,466,287,476,282,563,282,565,279,580,279
672,336,667,354,666,355,397,358,396,355,405,340,408,340,416,349,425,335,449,330,450,330,663,327
473,345,483,345,500,335,517,335,514,340,522,348,539,345,541,341,536,334,546,336,547,336,548,337,543,342,548,350,543,353,471,353,422,363,396,363,393,361,391,356,396,341,425,334,459,334,461,332
511,386,520,386,523,388,525,388,531,394,531,397,524,402,523,403,499,403,496,406,477,406,470,401,468,399,468,394,479,386,489,386,491,383,508,383
553,386,573,386,575,388,580,386,609,386,611,388,611,401,609,403,541,403,531,401,522,406,514,406,497,401,495,399,500,387,529,387,531,386,534,388,551,383
579,411,574,418,574,421,569,421,567,423,487,423,480,417,483,412,488,410,497,410,500,407,524,407,527,405,553,407,556,405,568,405,569,403
613,410,613,417,610,420,567,420,564,417,562,417,564,415,564,410,567,407,610,407
