610,149,625,154,627,155,627,184,620,202,619,204,617,204,553,194,467,199,466,199,454,189,452,186,448,154,448,151,452,146,455,146,516,141
428,155,432,157,441,203,440,207,439,208,311,256,215,334,214,334,196,332,194,330,174,310,173,308,176,288,177,285,283,199,408,154,411,152
781,209,875,288,876,290,876,310,849,336,844,336,753,255,642,212,642,209,649,166,652,164,664,161,665,161
525,237,528,288,526,290,524,291,443,299,352,296,349,295,348,293,348,245,350,242,372,234,523,234
708,234,713,240,715,242,712,288,711,290,701,300,697,300,680,295,547,295,546,294,541,286,540,285,540,247,541,246,546,236,548,233,706,233
443,276,445,286,444,290,449,293,509,290,512,291,519,312,519,338,512,346,369,346,347,336,344,334,344,332,352,299,353,298,370,290,400,290,408,279,411,277,436,280,438,276,440,275,443,275
704,294,704,338,702,341,688,348,686,348,541,346,539,346,534,341,534,300,535,298,542,293,701,293
385,370,387,370,387,380,385,382,385,395,380,400,340,400,338,397,338,375,343,367,382,367
545,368,545,384,550,391,547,400,568,408,569,409,567,415,573,421,574,414,577,413,579,416,589,410,592,411,594,432,593,433,551,433,550,432,545,414,536,405,526,402,465,410,457,392,456,391,459,373,464,367,542,367
685,372,685,373,678,400,695,410,695,435,694,435,652,433,649,430,648,428,657,419,653,418,653,409,656,408,657,409,660,408,664,402,617,397,616,396,611,373,614,370,680,370
845,367,845,399,841,402,832,400,750,400,745,402,738,392,737,391,739,385,737,382,737,370,739,367,833,367,838,365,840,365
291,370,331,370,333,372,333,373,331,385,333,387,333,400,331,402,329,402,301,400,299,402,252,402,249,400,240,400,235,395,235,394,237,381,235,373,237,370,276,370,279,367,289,367
440,371,440,401,438,404,438,416,435,419,435,432,428,439,420,439,411,434,396,434,395,433,390,425,390,423,391,421,390,420,390,418,391,416,391,409,392,408,396,405,390,395,390,377,395,367,396,366,435,366
727,371,729,394,724,401,727,404,727,416,734,426,734,433,729,435,702,435,697,428,697,425,700,423,700,415,697,413,697,410,701,404,692,397,690,392,690,370,695,367,720,367
774,405,776,405,781,413,781,415,779,418,781,430,779,433,779,435,776,438,749,438,747,440,742,440,734,433,734,408,739,402,771,402
260,442,251,439,249,438,247,433,247,410,254,405,272,402,370,405,372,405,380,410,381,411,384,424,379,439,376,442,305,439,302,442
503,404,503,437,499,440,492,440,489,438,484,438,482,440,480,438,465,438,462,440,460,438,448,438,443,435,441,434,441,429,439,426,439,414,441,411,441,405,446,402,500,402
845,405,845,419,843,421,845,424,843,426,843,434,839,438,804,438,802,435,785,435,781,432,781,409,787,402,797,402,800,405,819,405,822,402,827,402,829,400,839,397,840,397
728,408,729,409,737,434,756,439,759,467,756,472,755,473,716,473,701,468,697,461,702,453,697,440,700,435,724,433,727,423,716,420,713,425,706,415,704,420,699,418,696,410,696,408,708,402
413,408,420,408,428,413,429,414,427,429,439,442,439,454,436,457,439,459,439,467,434,474,412,474,409,476,404,471,404,440,409,435,417,435,419,430,418,429,417,430,407,430,400,420,395,420,392,413,395,410,396,408,408,408,411,405
520,443,520,464,523,467,523,468,513,476,503,476,500,473,456,473,454,471,441,471,441,443,446,440,473,440,476,438,513,438
609,456,619,458,626,468,625,471,611,468,605,477,627,490,633,486,631,480,632,478,662,473,663,474,665,502,664,504,595,509,594,507,592,476,524,471,523,469,518,449,518,448,525,440,601,440
707,443,710,444,710,452,707,454,707,457,710,459,710,467,702,469,699,473,694,473,691,471,689,473,681,473,679,476,673,469,673,462,675,459,675,444,683,438,702,438
368,443,380,443,382,440,396,440,401,443,402,444,402,467,397,474,396,476,387,476,385,478,384,478,334,476,329,478,320,473,318,472,318,457,313,447,313,445,321,440,365,440
659,461,659,462,649,472,652,477,652,476,654,476,656,477,656,485,651,490,651,497,653,500,649,504,635,504,633,502,633,500,641,492,641,487,632,478,630,478,628,477,628,474,619,464,621,459,622,458,627,458,630,456,652,456
707,445,700,456,692,456,681,467,688,473,766,476,771,486,769,506,768,509,672,509,670,507,668,480,683,457,675,444,676,443,706,443
813,473,818,473,818,480,820,482,820,506,816,509,808,509,801,514,779,514,774,516,771,516,769,514,769,506,766,504,766,501,769,498,769,476,771,473,806,473,808,471,811,471
304,481,326,481,328,483,328,493,327,495,328,496,328,511,326,514,259,514,254,509,254,493,252,491,252,481,254,478,301,478
384,481,397,481,404,491,404,498,397,509,387,511,385,514,359,514,356,511,354,514,337,514,331,507,331,500,333,495,331,492,331,480,332,478,381,478
592,483,592,506,587,511,585,511,531,506,489,514,430,511,429,510,430,509,452,504,456,497,456,481,464,476,587,476
247,485,249,510,249,511,247,514,166,514,163,511,163,481,243,481
433,498,438,511,480,514,482,511,514,509,519,529,519,531,452,529,450,524,450,522,451,521,445,516,411,516,406,509,406,498,420,496
537,515,537,528,534,531,521,531,520,530,520,528,518,525,518,515,521,511,534,511
638,511,641,511,643,514,643,536,638,541,547,541,547,522,545,517,550,511,569,511,572,509
642,483,643,485,646,497,659,506,713,504,715,504,724,516,733,514,734,516,733,520,739,531,738,534,718,534,708,541,652,541,651,540,643,506,632,511,595,511,594,510,594,482,595,481,637,481
806,514,806,535,800,541,723,541,720,538,720,522,717,515,722,507,723,506,731,506,733,509,768,509,770,506,792,506,797,504,798,504
892,510,892,538,886,544,873,544,871,541,811,541,806,534,806,519,808,514,813,511,824,511,827,509,829,511,839,511,841,509,871,509,873,506,888,506
404,519,404,546,324,546,321,543,321,522,326,516,350,516,353,514,400,514
237,519,240,516,257,516,264,521,264,543,256,552,248,552,246,549,211,549,209,552,171,552,166,544,166,529,163,526,163,524,168,519,185,519,188,516,231,516
313,517,313,520,316,522,316,528,313,530,313,540,308,548,307,549,275,549,269,543,269,538,267,535,267,522,272,516,311,516
424,522,422,528,434,535,528,533,535,538,535,553,534,554,529,557,418,554,408,557,402,550,412,517,422,517
851,567,856,567,859,569,864,569,871,577,873,584,877,588,875,596,840,596,838,597,833,592,833,582,830,579,830,572,833,569,833,567,836,567,839,564,849,564
562,602,560,605,547,605,545,602,545,589,547,587,547,574,555,569,587,569,589,572,604,572,606,574,606,597,604,600,596,600,594,602,587,602,584,600,579,600,577,602
638,576,638,583,641,586,641,596,637,600,632,600,630,602,627,600,622,600,620,602,612,602,610,600,608,600,606,598,606,581,609,578,609,573,612,569,632,569
669,568,670,567,673,567,675,569,692,569,695,567,697,567,700,569,749,569,754,574,756,594,756,597,737,605,720,605,700,600,690,602,648,602,646,601,641,573,642,572,667,567,668,567
838,574,838,582,843,587,843,592,841,594,832,597,829,600,771,600,769,597,769,582,766,579,766,572,769,569,833,569
392,582,392,605,390,607,326,607,316,600,316,588,321,577,327,577,329,574,387,574
520,577,523,578,528,596,528,597,520,605,498,605,496,607,494,607,470,602,401,605,395,598,392,578,392,577,397,574,500,574
646,605,648,602,651,602,652,603,653,602,700,602,702,605,728,605,729,606,729,637,724,640,700,640,683,635,638,637,628,635,626,634,624,621,624,620,626,617,626,605,624,602,624,600,640,600
801,607,801,610,798,615,798,627,793,635,750,635,748,637,743,637,737,631,737,611,742,605,796,605
584,607,587,607,589,610,589,620,587,622,589,629,587,634,585,635,502,637,498,634,493,611,493,610,500,605
619,613,619,631,615,635,598,635,592,629,592,611,598,605,610,605
871,607,873,615,875,616,867,636,816,639,814,640,802,635,804,620,800,615,781,618,788,625,787,627,772,627,771,626,774,618,766,611,785,612,802,605
