686,69,686,113,684,116,675,123,673,123,556,135,452,189,443,186,440,184,421,150,421,146,433,124,435,123,546,69,669,56,673,56
763,61,880,105,883,107,969,195,1000,246,1001,249,1000,252,956,284,953,285,941,285,938,284,850,178,712,124,709,121,709,120,715,63,716,60,720,58
432,195,433,198,433,208,398,244,370,282,369,284,338,284,320,277,316,276,304,260,304,257,307,247,350,194,352,192,380,170,398,167,401,167
563,380,567,382,570,386,586,450,586,451,580,514,576,519,572,522,215,522,210,521,192,505,189,498,183,404,184,399,189,396,260,377,261,377
920,348,921,348,1029,371,1033,372,1120,423,1123,426,1124,434,1112,592,1110,596,1089,625,1084,630,1078,630,946,601,941,600,901,576,640,566,633,565,621,555,616,551,616,546,610,372,612,367,615,363,620,361,712,345,713,345
432,601,438,601,469,626,469,639,453,658,441,658,438,655,435,655,429,648,426,648,407,630,407,626,404,623,404,614,410,607,410,604,421,601,424,598,429,598
933,584,941,595,941,596,938,609,898,650,896,653,850,688,843,688,832,677,818,648,821,639,889,570,892,568,909,568
553,675,615,691,624,701,621,735,620,738,604,745,601,745,570,735,536,732,515,723,463,685,461,682,461,664,476,639,480,637,492,637
820,671,827,690,824,705,823,710,764,732,733,735,730,738,718,738,715,737,712,734,709,715,703,705,701,704,701,691,703,690,715,683,749,683,773,677,798,664,813,664
700,708,700,737,696,740,684,740,681,743,638,743,635,740,635,702,641,696,693,696
