859,6,861,9,864,14,865,16,858,59,852,70,850,73,837,78,835,80,713,69,711,67,700,59,699,55,710,9,716,2,719,1,843,1
781,78,838,81,841,84,843,100,841,119,841,120,835,129,833,130,815,133,706,119,698,111,698,78,706,70,732,70
790,284,790,304,784,311,773,311,760,316,742,316,721,322,713,327,695,327,677,333,676,333,671,324,671,303,676,300,707,297,769,278,787,278
394,294,430,308,462,314,463,314,468,319,466,338,464,341,449,341,389,322,350,297,349,296,351,277,353,275,360,273
669,319,671,320,671,331,665,334,664,335,643,335,641,338,630,338,628,341,615,341,612,343,597,343,593,339,593,323,597,319,612,319,615,316,623,316,625,314,646,311,649,308,662,308
499,319,568,319,578,316,584,319,585,320,588,342,585,348,584,349,475,346,471,342,471,319,476,316,497,316
787,324,787,348,784,352,760,352,758,354,726,354,721,357,716,354,715,354,712,349,712,335,715,330,715,327,720,324,746,324,748,322,759,322,761,319,772,319,774,316,777,316
710,334,710,345,712,348,712,353,706,360,682,360,680,362,662,362,659,365,636,365,630,357,629,356,629,345,637,339,638,338,664,338,667,335,682,335,693,330,706,330
698,380,706,380,708,383,732,383,734,386,745,386,747,388,755,388,758,391,758,403,747,403,737,398,687,398,680,392,678,391,678,386,676,383,678,377,695,377
782,388,782,402,778,405,758,405,750,399,747,399,745,396,742,396,739,394,737,394,732,388,732,387,742,387,745,390,750,390,752,387,763,387,765,384,778,384
743,401,748,401,751,403,751,409,754,411,754,430,751,433,730,433,728,430,702,430,699,428,697,428,697,406,702,398,741,398
