1788,278,1928,323,1963,356,1969,368,1969,580,1957,591,1899,602,1893,602,1660,479,1543,446,1427,379,1357,368,1351,356,1351,122,1363,111,1433,100,1438,100
1508,340,1567,362,1567,407,1613,440,1695,474,1736,474,1782,518,1840,529,1846,529,1870,563,1940,585,1951,674,1945,685,1887,697,1689,596,1654,596,1398,474,1392,468,1369,401,1369,395,1409,345,1404,329,1404,317,1415,295,1473,295
1200,513,1258,524,1339,568,1433,591,1438,602,1450,669,1450,674,1444,680,1444,758,1433,764,1398,775,1392,775,1299,730,1171,685,1124,652,1054,641,1025,613,1025,513,1054,474,1060,468,1106,468
1666,708,1689,708,1701,719,1712,719,1730,736,1730,780,1718,791,1718,814,1689,842,1642,842,1631,830,1619,830,1613,825,1613,814,1602,803,1602,791,1590,780,1590,725,1607,708,1619,708,1631,697,1654,697
1905,819,1940,819,1974,853,1974,936,1963,959,1957,964,1899,964,1852,942,1817,942,1771,909,1759,909,1724,864,1718,858,1718,825,1730,814,1730,769,1741,752,1776,752
1136,658,1334,758,1602,825,1648,870,1648,1081,1637,1093,1602,1115,1596,1120,1503,1120,1118,987,1013,975,1002,970,996,959,984,881,1031,691,1037,680,1060,658,1071,652,1130,652
1695,853,1788,931,1974,987,1980,992,1992,1048,1992,1054,1969,1109,1969,1210,1945,1243,1934,1249,1794,1260,1741,1210,1706,1199,1672,1154,1607,1126,1561,1126,1549,1120,1555,1109,1619,1048,1631,881,1637,870,1683,847
1648,1338,1683,1338,1683,1344,1689,1360,1701,1360,1712,1366,1736,1433,1782,1489,1782,1555,1771,1589,1765,1600,1741,1622,1672,1645,1660,1650,1625,1639,1497,1539,1491,1533,1479,1500,1485,1489,1491,1483,1485,1477,1485,1466,1491,1461,1485,1455,1485,1444,1491,1438,1485,1433,1485,1422,1491,1416,1479,1388,1485,1377,1532,1310,1543,1305
1019,1661,1019,1684,1007,1695,1007,1728,996,1740,996,1751,967,1779,955,1779,943,1790,920,1790,908,1779,897,1779,879,1762,879,1650,908,1622,990,1622
1555,1611,1625,1645,1712,1622,1794,1511,1800,1511,1881,1555,1881,1561,1893,1617,1893,1622,1800,1745,1706,1790,1607,1790,1514,1745,1508,1745,1427,1667,1334,1544,1322,1500,1322,1489,1380,1433,1450,1433
856,1661,856,1751,815,1790,803,1790,792,1801,769,1801,757,1812,629,1812,611,1795,611,1684,617,1678,629,1678,640,1667,687,1667,699,1656,757,1656,769,1645,838,1645
629,1700,635,1706,635,1728,646,1740,646,1806,617,1834,524,1834,495,1806,495,1706,524,1678,594,1678
471,1723,471,1751,460,1762,471,1773,471,1829,454,1845,431,1845,419,1857,396,1845,384,1857,279,1857,267,1868,163,1868,145,1851,145,1818,157,1806,157,1751,186,1723,454,1700,460,1700
1561,1979,1666,1990,1759,2069,1771,2113,1776,2124,1753,2147,1637,2147,1625,2141,1602,2108,1625,2074,1631,2069,1642,2063,1637,2057,1613,2057,1578,2080,1532,2080,1450,2013,1438,1990,1444,1979,1549,1968
1322,3546,1357,3647,1345,3903,1357,3970,1345,4037,1345,4043,1287,4154,1252,4177,1240,4177,1171,4065,1182,3764,1171,3753,1171,3747,1205,3630,1194,3619,1194,3608,1240,3608,1270,3641,1287,3546,1293,3541,1316,3541
