1947,203,1947,223,1934,242,1931,248,1887,248,1881,255,1850,255,1844,261,1838,255,1831,261,1825,255,1819,261,1794,261,1782,255,1778,252,1778,232,1772,226,1772,213,1785,197,1810,197,1816,190,1934,190
361,384,364,388,401,413,408,420,408,510,420,533,492,539,492,543,557,517,563,517,567,520,579,546,579,552,576,556,538,575,535,578,18,611,12,607,9,601,3,388,6,384,12,371,18,365
619,598,619,649,601,662,401,656,171,669,165,669,140,649,140,617,165,591,588,578,595,578
1514,556,1626,620,1629,624,1710,714,1732,759,1725,779,1688,818,1682,821,1644,814,1641,811,1542,695,1504,669,1433,643,1433,646,1352,646,1345,640,1333,562,1336,556,1367,536,1433,536
77,591,115,591,127,611,127,636,121,643,121,662,115,669,102,669,96,675,15,675,3,662,3,611,21,591,34,591,40,585,71,585
1230,575,1271,636,1271,643,1264,662,1261,666,1211,691,1149,750,1093,840,1068,847,1062,847,1018,821,1015,814,1009,769,1009,766,1059,682,1096,636,1183,578,1190,575,1215,569,1218,569
1277,840,1302,840,1345,860,1352,863,1352,866,1345,905,1352,915,1352,921,1339,947,1336,950,1317,957,1286,957,1280,963,1137,963,1130,970,1124,970,1105,963,1102,960,1096,947,1096,869,1099,863,1124,843,1127,840,1271,834
1476,856,1626,856,1635,866,1635,924,1620,940,1470,947,1464,953,1445,953,1433,947,1429,947,1423,934,1423,927,1436,895,1436,863,1448,850,1470,850
666,1063,672,1067,691,1092,694,1099,694,1164,691,1170,672,1196,666,1199,473,1212,199,1206,193,1202,190,1196,183,1138,186,1134,211,1057,218,1050,274,1044
1701,989,1707,992,1744,1057,1744,1067,1595,1222,1489,1267,1482,1267,1358,1286,1152,1235,1149,1235,1056,1157,987,1047,984,1041,984,1034,1015,1002,1021,1002,1077,995,1084,999,1183,1109,1320,1176,1395,1176,1492,1138,1660,982,1663,982
