154,62,167,66,205,68,207,68,207,70,208,98,208,99,205,105,203,106,89,102,80,97,80,96,78,68,78,67,80,63,82,62,93,60
234,70,267,70,281,74,298,72,306,74,308,76,310,84,308,108,306,110,294,112,261,108,214,108,212,106,208,76,216,68,232,68
437,372,458,372,460,374,470,374,476,378,477,379,477,397,474,400,453,400,451,398,425,398,424,397,424,385,422,383,422,377,424,372,428,370,435,370
422,376,424,382,424,393,422,397,422,398,418,400,383,402,370,406,354,406,350,402,350,401,352,390,350,388,350,380,352,378,369,378,382,374,413,374,415,372,416,372
137,389,139,403,141,405,141,415,143,417,143,436,139,444,138,445,134,445,132,447,126,445,125,445,122,437,122,431,120,429,120,420,116,410,116,392,114,390,114,388,118,382,130,382
498,403,496,428,492,434,490,436,400,432,398,430,394,407,402,399,419,397,484,399,492,397
268,386,269,387,285,389,295,400,299,410,300,412,296,422,298,424,298,432,294,442,293,444,290,446,266,446,264,448,262,447,261,446,259,448,250,448,244,446,242,445,240,441,241,439,242,438,242,396,248,388,252,385,266,385
393,404,396,428,395,429,387,433,372,433,350,443,340,443,335,438,333,411,339,405,361,405,363,403,375,403,376,401,390,401
436,435,438,435,438,445,437,446,438,447,438,449,436,451,436,455,434,457,418,457,416,455,409,455,407,453,407,443,405,441,405,437,407,435,411,435,413,433,434,433
406,435,410,435,413,438,413,446,415,448,415,450,413,452,413,454,412,455,410,455,408,457,394,457,392,459,386,457,385,456,385,454,383,452,385,450,385,446,383,444,383,442,388,437,390,437,392,435,398,435,400,433,404,433
469,440,469,452,467,454,467,456,464,459,451,459,449,457,439,457,436,454,436,438,437,437,466,437
387,440,387,456,381,460,380,461,363,461,360,458,360,446,364,441,368,441,370,439,385,439
318,459,319,461,317,463,317,467,307,477,299,480,286,482,284,484,274,484,272,486,262,486,258,482,258,477,261,471,275,471,277,469,289,467,306,453,314,453
241,463,245,463,250,467,254,467,260,471,262,471,264,473,264,479,262,480,262,484,247,484,245,482,241,482,239,480,237,480,235,479,231,479,229,477,227,477,223,471,223,469,225,467,225,463,227,461,239,461
125,529,126,532,121,553,123,640,123,641,117,647,114,647,86,639,85,638,82,628,82,602,76,585,78,534,78,531,82,527,83,527,101,523,118,523
