268,138,293,170,294,172,296,193,295,195,288,201,286,201,270,197,269,196,246,165,214,146,193,146,169,155,128,198,126,199,113,197,111,196,107,184,107,182,126,145,142,131,143,130,174,112,217,110,219,110
202,161,224,161,230,163,231,163,235,169,235,175,233,177,233,186,229,190,218,190,207,186,171,186,164,182,163,181,161,172,161,171,165,165,176,159,200,159
121,212,125,217,127,239,135,255,143,265,143,271,129,285,124,285,108,268,102,254,102,218,104,214,112,210,113,210
303,224,303,235,297,247,295,259,286,278,286,279,276,287,274,287,266,281,260,269,260,268,272,244,274,234,276,232,276,226,288,218,294,218
264,281,264,285,266,287,266,297,264,299,264,301,262,301,258,305,252,307,250,309,241,309,239,307,239,303,237,301,237,297,235,295,235,289,241,283,247,281,249,279,250,279,252,277,260,277
168,285,182,295,204,297,227,291,234,298,236,314,231,319,213,323,212,324,183,326,150,308,149,307,135,295,134,294,134,290,147,277,149,277
24,491,94,493,96,495,96,506,94,510,84,510,83,511,82,510,81,511,79,511,78,510,77,511,75,511,74,510,73,511,41,511,22,507,2,507,0,505,0,489,4,485,14,485
123,493,130,493,132,495,142,495,144,497,152,497,157,502,157,506,155,508,155,516,150,521,126,521,125,519,113,519,109,515,108,513,110,511,110,497,112,493,116,491,121,491
205,507,253,511,258,516,256,532,255,533,208,531,197,527,166,527,162,525,161,524,161,510,159,508,163,501,173,501
67,519,73,519,77,527,77,529,75,531,75,538,69,542,22,542,20,540,6,540,0,537,0,521,8,517,57,519,63,517,65,517
