218,589,208,573,207,572,210,483,213,480,233,470,234,469,450,478,453,480,454,483,458,538,456,541,446,547,443,549,337,549,273,567,220,592
694,483,695,486,689,596,686,600,679,603,676,603,641,584,567,563,470,544,469,544,462,535,461,532,458,486,459,483,462,481,691,481
180,515,199,515,200,516,200,520,204,523,204,544,200,547,200,550,192,558,183,558,180,555,170,555,167,552,163,552,155,544,155,526,162,516,162,513,163,512,176,512
446,584,495,584,543,593,544,595,551,604,551,607,549,609,549,630,540,640,523,640,478,630,405,627,401,624,395,593,396,592,403,583,405,581,443,581
395,593,395,627,393,630,374,636,371,635,369,633,337,633,273,649,257,649,255,647,242,616,242,604,252,598,300,595,342,586,343,584,369,587,385,584
552,644,551,644,548,638,548,635,554,623,554,601,560,595,575,595,594,604,604,604,639,616,641,616,644,623,644,641,638,656,634,660,613,660,594,650,573,650,570,647,559,647
438,636,438,649,441,652,441,670,437,675,430,675,427,678,414,678,411,675,408,675,406,673,406,670,403,667,403,636,408,632,411,632,414,629,430,629
403,641,403,675,396,678,368,678,364,681,351,681,348,684,323,684,316,675,313,644,313,641,326,635,396,635
495,636,552,643,554,644,567,653,568,655,562,683,556,692,552,695,533,695,507,686,450,680,443,673,443,633,446,630,462,627
392,703,395,703,400,707,400,723,395,727,379,727,371,720,371,710,374,707,374,704,376,703,382,703,385,700,388,700
486,707,486,726,477,732,475,733,469,733,466,730,408,730,403,726,403,707,406,703,477,703
