289,231,292,231,302,238,302,245,294,258,280,258,263,250,225,250,222,253,210,253,202,258,192,258,186,252,186,241,201,231,226,224,256,224
261,268,263,271,268,322,268,324,265,324,98,322,96,321,88,296,91,275,91,272,93,271,131,266,256,266
412,266,415,267,415,311,410,321,407,322,278,327,275,325,268,308,265,272,265,268,270,264,273,264
91,298,91,305,93,307,93,319,96,324,93,327,93,334,91,336,91,344,88,348,86,351,68,351,65,348,53,348,49,345,44,325,40,322,40,305,45,295,46,294,51,291,72,294,74,291,84,291
329,334,329,362,324,369,321,370,162,368,155,362,154,359,159,347,156,328,159,327,321,327
540,407,540,416,536,420,503,420,497,414,497,404,498,403,501,403,503,401,534,401
342,407,342,409,345,411,345,419,348,421,348,426,350,428,350,436,348,438,348,441,346,442,318,442,311,437,310,436,310,421,311,420,313,420,322,411,322,407,324,405,329,405,331,403,339,403
302,516,302,520,293,529,283,529,280,527,278,527,277,525,277,513,278,512,280,512,283,510,296,510
54,531,59,531,62,536,69,536,72,534,74,534,77,536,89,536,99,541,99,543,107,551,115,551,122,560,122,563,115,573,82,573,79,570,67,570,64,568,59,568,46,558,44,553,44,541,41,539,41,531,44,529,51,529
187,590,186,588,188,575,170,565,170,554,173,548,187,548,215,556,229,556,236,568,243,568,278,587,289,587,294,597,291,604,283,602,268,604,258,597,230,599,215,597,210,585,206,585,203,590
388,575,401,575,403,577,411,577,413,580,418,580,421,582,423,582,423,592,418,597,403,597,401,594,380,594,378,592,370,592,370,587,368,585,368,577,370,575,370,573,386,573
446,585,456,585,459,587,469,587,472,590,489,590,494,594,494,597,489,604,488,606,480,606,478,604,463,604,460,602,432,602,430,599,422,599,418,596,418,586,421,582,444,582
389,597,402,597,405,599,417,599,420,602,453,604,455,606,475,609,477,610,479,617,473,623,460,623,453,628,412,626,382,614,377,606,375,605,375,600,387,594
230,614,255,614,296,621,297,622,299,642,298,643,286,645,250,638,243,640,194,628,177,628,169,623,168,622,165,608,170,602,182,602
215,689,255,694,278,703,293,703,296,716,297,718,292,723,267,723,249,716,201,708,180,701,168,701,165,700,163,693,170,679,179,679
245,730,265,732,275,737,283,737,288,742,289,745,282,754,264,754,254,749,234,747,231,747,229,745,218,745,211,740,206,740,201,735,201,730,202,728,212,723,227,723
368,757,368,781,363,788,363,795,358,800,358,803,350,808,342,808,337,800,337,791,340,788,340,769,342,766,342,764,353,754,354,752,361,752
