480,128,486,132,488,135,486,204,484,207,474,212,471,213,366,192,252,190,250,187,240,138,241,135,244,133,478,127
234,134,235,136,243,171,243,173,239,189,238,191,236,192,136,198,17,219,15,218,13,215,7,143,8,141,11,139,232,133
461,231,463,233,464,235,468,274,467,276,454,300,452,302,450,302,255,257,86,288,83,287,82,285,74,234,75,231,77,229,180,204,329,204
63,242,69,260,70,261,70,274,72,276,74,292,69,297,53,305,52,306,41,308,40,308,36,306,35,304,35,298,33,296,33,245,38,240,43,238,44,237,58,237
320,299,330,305,331,306,333,316,333,317,329,322,328,323,267,321,212,327,181,321,180,319,184,302,185,301,259,297
455,323,456,325,459,361,458,363,451,369,449,370,244,372,242,371,238,367,237,365,239,331,240,329,242,328,285,322,453,322
57,329,98,329,102,327,104,327,112,331,113,333,111,355,113,357,113,365,112,367,104,371,53,374,51,373,43,366,42,364,44,359,42,354,43,352,44,351,43,350,43,348,44,347,43,346,43,344,44,343,44,333,45,331,51,327,53,327
133,329,217,329,218,331,220,365,218,367,177,369,144,365,123,369,117,366,117,365,121,349,117,329,118,327,124,325,125,325
440,414,440,421,434,425,268,426,267,426,257,423,256,422,258,408,259,407,429,403
86,407,139,407,143,409,143,417,147,423,147,425,143,428,114,426,112,428,87,428,83,426,81,428,71,428,67,425,67,413,71,407,75,405,84,405
250,409,250,410,252,427,251,428,244,430,243,430,241,428,155,426,149,423,147,411,147,409,149,407,247,407
181,426,263,428,264,428,272,440,272,446,270,448,186,448,184,446,170,446,168,444,168,428,169,426,179,425
360,432,362,444,362,446,358,448,325,448,323,446,272,446,270,444,270,442,272,440,272,430,278,426,356,426
475,429,473,447,472,448,386,448,377,439,377,431,382,426,445,426,447,425,449,426,451,425,457,426,458,425,470,425
117,427,118,426,135,426,136,427,137,426,139,426,140,427,141,426,143,426,145,428,161,428,166,432,168,444,168,446,166,448,94,450,92,450,90,448,88,432,88,430,92,426,116,426
373,426,375,426,377,429,377,445,376,446,375,446,373,448,365,448,363,446,361,446,358,443,358,429,361,426,363,426,365,425,371,425
88,430,88,441,90,443,90,447,88,451,88,452,84,454,63,452,61,454,59,454,58,453,57,454,36,454,32,452,32,431,34,428,84,428
383,464,383,466,375,472,178,474,129,472,127,471,124,457,124,456,133,450,377,450
