407,59,407,76,405,78,405,80,397,88,391,88,389,90,383,90,381,88,379,88,379,86,377,84,377,76,379,73,379,63,381,61,381,59,383,59,385,57,391,57,393,55,403,55
407,88,409,110,405,177,407,199,407,201,406,202,392,202,384,206,378,200,376,93,383,86,401,82,403,82
14,159,4,159,0,155,0,137,2,131,8,127,9,126,30,126,32,128,49,128,51,130,57,130,59,128,61,128,62,129,63,128,65,128,73,132,73,144,75,146,75,149,71,159,59,159,57,157,16,157
62,163,63,164,63,174,58,179,50,179,48,181,41,181,39,179,9,179,1,175,0,174,0,162,5,159,7,161,15,161,17,159,54,159
19,182,19,193,17,193,15,195,3,195,0,192,0,182,3,180,17,180
45,179,51,179,53,181,53,187,52,188,53,189,53,191,49,195,18,195,16,193,16,187,14,185,14,181,16,179,20,179,22,177,43,177
66,177,70,177,74,183,75,184,75,194,72,197,46,197,44,195,39,195,37,193,35,193,34,192,34,182,37,179,48,179,50,177,58,177,60,175,64,175
64,199,65,200,63,207,69,211,69,229,73,233,77,277,73,298,65,308,64,309,54,305,48,284,47,283,47,275,55,259,55,251,51,245,51,210,53,208,49,200,52,197
413,389,414,391,412,419,411,421,401,425,336,425,329,421,316,423,304,419,302,418,300,412,300,410,308,390,309,389,315,385,316,385,404,383,405,383
435,437,434,436,430,430,430,406,432,402,436,400,437,399,486,401,494,407,496,409,496,435,494,437,484,439,482,437,460,435,458,437
410,424,415,429,415,443,412,447,349,447,337,442,306,440,305,440,301,432,301,430,305,422,306,422
228,414,229,415,235,427,241,433,245,433,247,435,258,435,260,437,260,448,259,449,255,451,250,451,248,453,238,453,222,445,217,439,213,431,213,427,211,425,213,415,214,414,222,410
479,436,489,436,493,440,493,453,489,457,483,457,481,455,448,455,446,453,440,453,436,449,436,438,440,434,477,434
409,491,469,491,471,495,471,511,469,515,392,515,389,512,389,492,390,491,406,489,407,489
