61,111,67,117,67,128,63,133,62,133,56,135,7,136,2,131,2,120,6,115,6,115,20,111,55,112,60,111
182,120,185,122,185,123,186,142,186,143,181,151,180,153,125,150,78,160,77,160,72,156,71,155,68,136,68,135,72,130,73,129,125,120,181,119
65,134,68,140,71,158,71,159,70,160,36,177,29,178,28,178,25,177,25,176,18,159,18,158,20,150,20,148,44,137,63,133,64,133
186,153,188,155,195,172,195,174,193,195,191,196,190,198,110,205,72,226,51,243,49,244,41,243,40,241,25,201,24,200,23,185,23,183,25,182,57,163,58,163,103,151,158,148,159,148
243,163,245,178,241,185,240,186,232,186,227,188,223,188,217,192,212,192,210,190,210,170,210,169,214,166,225,165,234,161,241,161
311,152,311,153,314,193,313,195,309,199,234,225,211,229,210,229,203,226,201,226,201,200,205,192,206,191,236,185,262,168,308,151,310,151
189,197,190,200,190,207,187,210,175,210,158,214,150,214,145,211,143,214,133,215,130,218,121,219,120,218,123,215,131,214,136,209,145,210,147,207,146,206,148,203,148,201,152,199,188,196
149,203,150,203,151,212,151,213,148,216,130,219,80,239,79,239,76,236,74,226,74,225,80,221,139,201
79,226,79,231,81,233,79,238,76,240,76,240,72,240,62,245,53,251,50,251,48,250,48,246,50,241,56,235,57,235,65,229,68,228,73,224,77,224
270,255,286,255,288,256,289,257,289,262,285,266,277,268,276,269,270,269,268,268,247,268,246,269,242,269,240,267,240,260,243,256,243,255,251,255,252,254,268,254
