300,55,312,61,313,61,315,65,315,67,305,79,296,79,265,67,218,69,212,53,211,52,212,51,226,47,269,45
223,55,225,64,218,71,199,77,189,77,181,81,164,95,158,105,150,103,145,98,149,88,166,70,188,62,192,56,202,52,215,52,217,51
322,69,337,83,343,91,344,92,352,112,350,126,350,127,346,129,334,129,333,128,331,114,327,106,313,90,305,84,305,76,311,68,312,67
148,103,155,110,155,120,153,122,155,124,155,134,157,136,157,142,161,148,161,156,153,162,152,163,144,163,137,156,137,152,131,140,131,120,133,118,133,112,141,102,142,101
339,111,341,109,345,109,350,114,350,118,352,120,352,142,350,144,350,148,348,152,340,160,340,161,336,163,329,159,327,159,323,153,325,141,325,139,327,137,327,131,331,125,331,107,335,107
330,246,332,248,333,262,332,264,283,272,140,276,138,275,130,251,131,249,138,242,324,242
465,296,466,298,468,310,467,312,456,320,325,326,323,326,315,322,314,320,312,296,318,290,453,288,454,288
499,323,499,342,496,345,482,345,480,347,444,347,442,343,442,335,440,333,440,327,444,323,485,323,487,321,497,321
410,326,411,325,440,325,440,346,435,351,396,349,394,351,378,351,376,353,356,353,354,349,354,331,358,329,405,327,407,325,409,325
347,331,351,331,354,334,354,340,352,342,354,344,352,346,352,348,349,351,333,351,332,349,330,349,327,346,327,332,328,331,330,331,332,329,345,329
325,335,327,351,326,353,296,353,294,355,273,355,268,350,270,342,268,338,272,333,290,333,291,331,321,331
266,334,268,348,266,352,265,353,189,357,184,352,184,336,186,333,249,335,250,333,264,333
326,354,327,353,329,353,331,355,338,355,344,363,344,368,339,373,328,373,326,375,261,379,255,375,254,374,254,359,262,355,278,357,280,355,321,355,323,353,325,353
254,357,254,372,250,377,246,377,244,379,197,381,193,383,191,381,186,381,184,377,184,361,188,359,215,359,217,357,235,357,237,355,252,355
378,380,380,382,396,382,397,383,401,391,401,405,399,409,398,410,392,410,390,412,332,412,326,408,325,407,323,403,323,389,330,382,357,380,359,378
497,443,497,445,495,447,495,455,489,459,438,459,434,455,434,443,440,439,459,439,461,437,493,437
275,443,277,441,279,443,287,443,289,441,294,441,297,444,297,456,291,463,279,465,277,467,243,467,241,465,233,465,229,463,225,457,225,449,229,443,244,443,246,441,248,443,250,441,273,441
497,508,497,514,493,520,492,521,468,521,462,517,460,517,459,516,459,514,458,512,458,506,460,503,482,503,484,501,490,501
307,581,340,581,342,579,375,579,377,580,381,598,379,602,378,603,337,603,335,605,312,605,306,607,296,603,295,602,293,584,294,583,304,579,305,579
291,585,291,586,293,600,293,601,290,605,270,605,254,610,208,610,206,612,204,612,200,607,200,587,204,585,252,585,254,583,284,581,286,581
194,587,196,587,200,591,200,597,198,599,198,610,196,612,182,612,180,610,176,610,170,603,170,591,174,587,184,587,186,585,192,585
