205,75,223,88,224,89,225,96,225,97,208,112,206,112,172,85,158,81,138,89,106,111,105,111,95,103,94,102,90,93,90,91,106,76,132,61,133,61,151,56,168,56
102,123,103,124,110,160,141,186,141,188,136,204,135,204,127,204,116,199,116,199,95,183,94,182,81,145,81,129,82,127,85,124,97,121
234,128,234,129,225,172,213,191,213,192,197,202,171,210,151,211,149,211,147,208,147,207,149,190,150,188,184,179,199,168,213,126,215,125,229,124,231,124
260,222,261,223,261,238,255,243,157,242,145,237,139,238,137,237,137,232,134,230,133,229,135,227,162,220,255,219,256,219
152,222,156,225,157,226,160,238,159,239,155,242,59,242,55,238,53,223,54,222,58,219,59,219
153,241,157,245,157,259,156,260,150,263,143,261,101,259,76,262,74,259,73,258,72,246,72,245,76,240,77,239
238,241,239,241,242,242,242,243,242,251,238,261,237,262,161,261,157,257,157,243,158,242,173,239
120,259,224,259,225,260,227,263,227,263,223,279,221,281,95,281,91,278,90,277,89,262,95,255
145,287,145,308,145,309,141,312,53,312,49,310,49,290,51,289,68,286,144,286
264,289,265,290,263,309,263,310,260,312,152,310,151,310,150,309,149,291,154,286,260,286
93,314,93,328,90,331,85,331,84,330,59,330,57,331,53,331,51,330,50,329,50,321,49,320,50,318,50,315,53,314,78,314,79,312,92,312
97,328,96,328,96,318,99,314,149,314,150,314,154,328,154,328,150,332,141,332,139,331,103,331
213,315,225,314,226,314,229,316,229,328,226,331,225,331,201,330,200,331,157,331,156,330,154,314,154,314,165,312
265,316,265,317,265,320,264,321,264,328,263,330,262,331,232,331,230,329,230,317,232,315,255,315,257,314,261,314
