295,43,297,45,351,108,352,109,359,132,358,135,357,135,319,164,318,165,315,163,266,99,246,87,188,69,187,67,187,65,195,22,197,20,198,20,223,18,224,18
146,33,168,60,174,73,175,75,173,82,172,84,124,109,88,158,86,160,79,160,77,159,59,142,38,130,36,128,37,127,42,114,42,113,78,63,79,62,130,34,131,33,143,31
208,75,212,75,212,75,216,81,218,81,226,89,227,92,228,93,228,110,227,110,222,114,201,114,199,115,194,115,187,112,187,111,187,93,192,81,192,76,195,73,207,73
168,118,186,118,192,123,193,125,192,143,190,145,192,153,187,158,175,158,173,156,137,156,132,154,129,145,129,120,130,119,132,116,167,116
276,125,278,125,283,130,283,157,279,162,278,163,241,160,203,160,198,155,198,121,199,120,209,116,231,116
83,185,86,190,86,217,82,222,81,223,74,223,72,225,49,225,44,222,43,219,43,197,41,194,41,192,44,184,46,183,77,181,78,181
313,187,314,188,319,193,320,195,320,226,319,228,318,229,106,225,104,225,103,223,101,188,102,186,104,185,175,182
273,234,274,235,278,238,279,240,279,263,278,265,271,271,269,272,125,270,124,270,120,266,120,264,129,232,130,230
168,270,169,271,174,275,176,276,176,310,175,311,172,315,170,315,61,312,59,311,58,310,55,270,56,268,57,267
325,273,328,275,330,276,328,313,327,315,320,318,319,319,205,315,193,310,192,310,191,308,191,278,192,276,195,273,197,272,266,275,324,272
200,315,212,315,213,316,216,316,221,321,221,343,220,345,220,348,216,351,207,351,205,350,178,350,178,349,173,342,172,341,172,338,173,336,173,320,180,313,198,313
193,350,194,351,202,356,204,358,204,388,203,390,202,390,62,389,61,388,53,380,52,378,53,360,53,359,60,347,62,345,106,340
334,349,336,350,339,353,340,355,337,386,336,388,329,393,327,394,216,390,215,390,214,388,216,365,219,354,220,353,226,348,228,347
