354,76,379,85,390,87,395,92,393,107,389,112,384,112,373,107,348,103,309,106,308,105,303,99,302,86,302,85,305,80,306,79,320,79,343,75
294,99,294,108,291,111,285,113,275,121,269,124,261,132,255,132,252,128,249,121,247,113,247,111,249,108,282,88,289,88
412,100,446,123,447,124,455,136,464,146,464,157,461,164,460,165,453,164,432,142,404,123,393,112,393,109,394,108,402,99,403,98
371,167,373,168,376,171,377,173,377,209,376,210,373,214,371,214,253,205,250,203,244,191,244,190,246,167,246,165,253,159,254,158,268,157
462,174,464,175,467,178,467,179,467,221,467,223,465,224,384,217,382,217,379,214,378,212,378,173,379,171,381,171,390,169
339,232,339,233,341,236,341,244,342,246,342,252,344,253,344,275,342,278,321,278,318,276,317,275,315,267,314,265,314,259,312,257,312,239,313,238,317,232,318,231,335,231
401,235,415,233,417,235,420,239,421,240,421,281,420,282,418,283,353,282,351,281,348,278,347,276,346,267,347,235,349,234,353,231,354,230
495,260,495,271,482,304,465,325,464,325,450,335,444,336,442,335,436,317,436,316,455,302,466,289,480,255,486,253,488,253
289,308,306,321,328,330,329,333,330,334,330,343,327,348,326,349,320,349,282,330,275,323,278,310,283,307,284,307
442,333,442,339,439,342,432,344,424,349,421,349,419,350,416,350,413,347,413,339,411,338,411,333,413,332,413,330,417,327,421,327,425,324,427,324,428,322,436,322
341,336,347,336,349,338,355,338,357,339,372,339,374,341,374,349,375,350,375,355,374,358,371,360,353,360,351,358,342,357,334,352,333,351,333,346,335,345,335,336,338,335,339,335
408,337,408,342,410,343,410,351,406,355,401,355,400,357,393,357,392,358,387,358,385,360,378,360,375,357,374,343,378,339,381,339,382,338,393,338,400,335,406,335
