1482,12,1490,16,1494,24,1486,138,1482,146,1475,150,863,183,156,370,149,361,78,231,78,223,82,219,443,65,1118,0,1122,-4
1992,48,2683,325,2691,329,2691,370,2628,467,2616,471,2075,244,1526,170,1522,166,1506,134,1506,126,1553,12,1561,8
1679,622,1686,630,1702,654,1702,658,1694,772,1694,780,1671,813,1663,817,980,784,969,772,961,634,969,626,992,610,996,605
1200,793,1443,793,1490,809,1494,813,1494,862,1475,882,1451,882,1412,866,1224,866,1200,858,1176,866,1141,829,1141,797,1145,793,1192,784
3036,992,3040,988,3063,988,3071,996,3103,996,3111,1004,3111,1037,3095,1061,3091,1069,3075,1069,3067,1061,2958,1061,2950,1069,2926,1069,2918,1061,2856,1061,2840,1037,2836,1032,2836,1008,2852,988,3032,988
2859,1069,2859,1077,2852,1085,2734,1085,2726,1093,2710,1093,2703,1102,2687,1102,2679,1098,2663,1073,2663,1049,2679,1028,2820,1028
2875,1020,2871,1024,2903,1045,2910,1037,2950,1037,2958,1028,2973,1037,3028,1037,3036,1045,3075,1045,3083,1037,3099,1045,3107,1077,3111,1085,3095,1102,2946,1102,2891,1069,2867,1069,2844,1057,2844,1032,2871,1012
2883,1077,2907,1077,2922,1110,2914,1138,2899,1146,2679,1146,2671,1150,2663,1142,2663,1085,2671,1077,2781,1077,2789,1069,2875,1069
2349,1329,2334,1305,2334,1224,2357,1207,2389,1207,2397,1215,2506,1215,2514,1207,2546,1207,2569,1224,2569,1232,2561,1248,2561,1272,2569,1281,2569,1305,2553,1321,2530,1321,2522,1329,2514,1329,2506,1321,2499,1321,2491,1329
3216,1276,3220,1276,3244,1293,3248,1301,3248,1415,3244,1423,3240,1423,2683,1439,2675,1435,2675,1431,2659,1301,2659,1297,2683,1264,2691,1260
2506,1346,2530,1346,2514,1370,2514,1378,2510,1386,2487,1403,2416,1403,2408,1394,2361,1394,2357,1390,2342,1366,2365,1337,2499,1337
2573,1366,2573,1382,2565,1390,2495,1390,2487,1382,2479,1382,2471,1374,2471,1366,2479,1358,2565,1358
3248,1504,3256,1512,3264,1594,3264,1598,3248,1622,3240,1626,3162,1642,2754,1634,2746,1626,2738,1520,2742,1512,2765,1496,3201,1496
3154,1891,3177,1891,3185,1899,3201,1899,3213,1911,3213,1919,3193,1939,3177,1939,3169,1947,3091,1947,3083,1956,3036,1956,3020,1939,3012,1939,3009,1935,3009,1903,3036,1882,3146,1882
