183,40,183,43,185,44,185,60,181,63,171,63,168,60,168,51,169,49,169,43,171,39,172,38,181,38
204,43,209,43,244,55,249,60,249,63,243,76,241,77,235,77,217,68,199,65,195,61,196,44,197,43,203,42
155,39,156,40,159,60,159,61,156,64,156,64,112,76,73,98,66,98,62,94,57,81,57,79,58,74,59,73,102,49,148,38,148,38
262,81,265,82,267,84,268,86,272,187,271,190,269,191,266,192,47,206,45,205,43,204,42,201,42,199,48,174,33,155,31,152,31,151,37,109,38,106,40,105,41,105,199,80,200,80
324,164,332,164,338,167,354,168,356,170,357,182,357,183,355,185,354,185,338,181,325,181,324,180,310,179,304,173,304,161,305,160,312,160
51,164,52,167,53,178,51,181,51,181,47,184,35,184,33,185,20,187,19,188,5,188,3,186,3,170,6,166,7,165,11,164,25,164,27,162,47,162
286,175,287,175,287,186,285,188,277,188,276,187,273,187,270,183,270,177,272,173,273,172,282,172
401,177,415,177,417,179,419,179,421,181,421,190,423,191,421,194,421,194,419,196,409,196,408,194,400,194,399,193,392,193,389,190,389,180,391,179,391,176,399,176
337,184,346,184,353,187,366,187,369,190,369,191,368,202,367,202,354,202,353,201,332,198,330,197,321,197,318,196,318,196,316,193,316,183,318,181,329,181
478,193,504,194,508,198,510,199,510,210,508,212,507,213,503,214,502,214,501,213,456,209,452,202,451,202,451,192,456,188,456,188
410,196,411,197,434,196,438,201,438,202,438,212,437,215,436,215,428,215,417,211,397,210,391,208,391,207,389,200,391,196,393,195,394,194
473,209,480,209,481,210,492,210,493,211,498,211,501,214,502,223,502,225,500,227,493,227,492,226,488,226,486,225,481,225,480,223,466,222,462,219,462,210,465,208,472,208
