1333,620,1336,624,1573,719,1716,821,1719,824,1744,869,1744,878,1694,942,1688,945,1663,945,1657,942,1520,840,1327,767,922,773,915,770,912,767,887,665,891,655,897,652,1127,608
859,665,878,729,891,741,891,767,887,773,887,776,825,796,763,827,700,885,669,885,663,882,601,805,598,799,610,780,710,710,713,706,825,662,856,662
1062,942,1068,942,1071,948,1077,974,1071,1038,1068,1044,1049,1050,757,1031,750,1028,747,1025,741,999,747,936,750,929,781,917,887,917
1146,958,1152,958,1155,961,1155,974,1162,980,1162,1018,1168,1025,1168,1031,1162,1038,1162,1044,1158,1047,1152,1047,1146,1053,1115,1053,1109,1047,1096,1047,1093,1044,1093,1038,1087,1031,1087,993,1093,987,1093,968,1109,952,1140,952
1588,974,1607,993,1613,1063,1610,1069,1579,1082,1576,1082,1520,1069,1196,1057,1190,1050,1183,968,1190,961,1339,955
1429,1089,1436,1089,1439,1095,1433,1190,1429,1197,1426,1197,922,1171,915,1168,909,1149,922,1069,925,1063,937,1057
2542,1490,2542,1515,2535,1522,2535,1534,2542,1541,2535,1547,2473,1547,2473,1541,2479,1534,2479,1528,2486,1522,2486,1515,2504,1515,2511,1509,2517,1515,2523,1509,2523,1490,2529,1490,2535,1483
2476,1569,2551,1569,2557,1576,2557,1620,2548,1639,2529,1639,2504,1627,2498,1633,2454,1633,2448,1627,2436,1627,2430,1633,2417,1633,2401,1617,2401,1579,2414,1563,2470,1563
2511,1662,2514,1658,2520,1658,2526,1665,2539,1665,2551,1678,2551,1703,2548,1706,2557,1716,2557,1729,2554,1735,2535,1741,2529,1748,2504,1748,2498,1741,2467,1741,2454,1722,2451,1716,2454,1713,2451,1709,2451,1703,2454,1700,2451,1697,2451,1678,2464,1665,2476,1665,2482,1658,2507,1658
2439,1665,2458,1665,2464,1671,2464,1678,2461,1681,2464,1684,2464,1690,2458,1697,2458,1722,2451,1729,2451,1735,2408,1735,2401,1741,2377,1741,2364,1729,2364,1716,2358,1709,2358,1703,2364,1697,2364,1690,2370,1690,2395,1665,2414,1665,2420,1658,2433,1658
2576,1674,2576,1700,2582,1706,2582,1732,2573,1741,2554,1741,2539,1725,2539,1706,2532,1700,2532,1674,2542,1665,2567,1665
2405,1719,2417,1719,2430,1706,2436,1706,2442,1713,2442,1725,2436,1732,2430,1732,2423,1725,2398,1725,2367,1744,2330,1744,2324,1738,2324,1725,2317,1719,2317,1713,2324,1706,2324,1700,2386,1700
