497,25,498,24,501,24,503,26,510,26,513,29,513,41,509,49,504,52,502,49,447,49,445,48,441,38,441,30,445,24,496,24
441,29,438,40,441,48,433,53,432,54,406,54,346,74,334,74,328,68,328,55,331,52,358,44,382,31,423,24,438,24
532,29,575,36,597,46,616,52,618,57,618,59,611,72,600,72,584,64,545,54,519,54,516,52,516,31,515,29,518,26,530,26
771,109,770,107,768,102,769,78,778,68,826,71,828,69,830,69,832,72,838,69,840,69,841,71,842,69,844,69,846,71,872,68,896,73,897,76,893,101,893,102,885,107,883,107,878,105,818,105,814,109
677,74,679,76,686,81,688,83,688,116,687,119,677,129,675,130,399,128,396,127,395,124,388,78,389,76,391,74,625,69
331,76,365,73,366,73,376,81,377,83,379,121,378,124,368,129,349,132,281,132,278,129,269,132,268,132,263,129,262,127,262,101,266,78,266,76,271,71,274,71
167,92,167,105,140,125,114,151,104,156,103,156,96,153,94,152,90,139,90,128,150,77,159,77
439,133,442,130,444,133,447,130,468,130,472,134,469,152,465,157,462,158,457,156,366,156,354,158,352,156,352,132,353,130,427,130
514,133,516,135,545,135,548,138,593,135,594,135,597,140,597,143,594,146,594,161,587,166,479,161,477,160,474,149,477,137,483,130
776,143,781,143,782,144,782,157,778,161,747,161,745,158,733,158,730,156,725,156,722,152,722,149,725,146,733,146,735,143,764,143,766,140,774,140
853,146,858,146,860,143,875,143,881,149,881,162,872,171,819,171,812,166,793,161,789,157,789,144,790,143,850,143
149,449,149,454,151,457,151,468,144,468,141,466,137,466,129,461,110,461,109,459,109,457,111,454,111,449,115,447,127,447,132,442,141,442
870,635,978,630,979,630,996,642,997,645,997,670,995,673,879,678,819,670,817,669,817,635,826,624,841,624
