873,249,875,249,890,255,892,258,889,306,889,309,883,315,880,315,741,306,556,312,553,311,553,309,550,255,552,252,553,252,661,243
1012,265,1101,284,1104,287,1107,306,1101,337,1101,339,1095,348,1092,350,1073,350,1000,331,904,318,901,317,895,307,895,306,904,258,906,255,907,255
533,262,535,265,538,306,538,309,532,315,529,315,378,341,298,363,283,360,280,360,280,358,267,317,267,314,276,298,278,296,355,277,509,255,512,255
646,388,647,390,660,399,661,401,664,432,663,435,644,442,500,442,496,440,495,438,492,394,495,391,535,385
812,388,818,391,821,394,821,416,815,432,813,434,798,446,796,448,756,445,753,442,752,443,749,443,747,442,698,442,696,440,681,427,680,424,689,405,686,394,695,385
433,393,473,393,480,396,481,396,484,402,484,440,481,443,447,443,446,442,444,443,432,443,429,440,423,440,404,424,404,415,401,412,401,390,430,390
964,393,964,394,967,442,964,451,964,453,949,468,946,484,944,484,935,481,933,478,944,464,927,446,918,446,909,440,903,440,887,427,884,408,884,405,890,396,926,386,955,386
753,435,775,435,787,448,787,486,775,498,713,498,704,489,704,464,695,448,698,442,700,440,706,437,746,437,749,434,752,434
490,453,490,481,487,484,487,487,475,487,472,484,466,484,463,481,438,481,429,472,429,456,435,450,447,450,450,446,484,446
689,445,692,489,689,492,513,498,504,489,504,451,513,442,686,442
606,573,609,574,621,584,623,587,629,644,627,647,621,656,618,658,329,655,326,653,316,644,315,641,318,577,320,574,326,568,329,566
256,573,258,574,304,577,313,582,316,592,316,617,315,620,313,622,313,631,315,633,315,636,313,637,313,650,312,653,306,656,269,656,266,655,264,653,249,653,240,644,243,577,244,574,253,571
286,664,286,667,289,671,289,677,290,680,284,686,281,686,269,699,266,699,263,702,253,696,250,696,247,694,247,691,244,688,244,669,252,661,264,661,267,658,276,658
604,666,607,666,623,678,624,682,624,713,623,716,621,716,492,726,338,720,335,718,335,669,336,666,352,660
324,678,324,701,316,708,301,708,298,712,289,712,286,715,270,715,261,702,260,701,260,691,272,682,273,680,280,680,283,677,292,677,295,674,301,674,304,671,316,671
578,731,581,732,583,735,586,757,586,759,570,806,566,810,449,816,350,810,347,808,326,780,324,778,318,750,320,746,329,731,332,727,396,734,433,724
