474,127,475,128,470,153,468,156,251,176,250,175,241,169,240,168,240,147,241,146,247,139,248,138,473,126
197,148,199,149,203,153,204,155,204,175,203,177,199,181,197,182,126,185,89,192,50,192,49,191,46,188,45,187,48,165,49,164,53,158,55,157,126,154,162,147
495,148,496,148,500,157,500,183,499,185,491,185,490,183,487,183,481,177,479,175,479,169,482,163,482,151,484,148,487,147,492,147
384,195,386,205,386,205,380,210,326,226,325,226,322,224,322,224,319,210,319,210,323,205,334,204,356,197,368,191,380,191
33,208,36,212,34,216,31,219,12,219,11,221,8,221,7,221,2,218,2,214,2,213,3,211,3,210,5,210,6,208,27,208,29,207,31,207
313,211,313,222,314,225,311,229,303,229,302,230,296,230,294,232,288,232,287,233,281,233,279,235,273,235,271,232,271,224,270,223,270,217,271,216,287,214,289,213,298,213,305,210,311,210
491,208,491,218,495,229,494,237,493,238,492,238,427,240,425,239,424,236,421,213,421,211,425,208,486,206
133,214,171,218,171,219,173,225,173,226,171,227,171,235,170,236,159,236,148,233,136,233,111,227,109,225,109,218,110,212,112,210,122,210
262,224,262,235,259,238,258,238,255,236,253,238,180,238,179,237,179,221,182,220,258,218,259,218
68,232,69,233,74,239,74,253,73,254,67,259,26,259,17,262,6,262,2,259,1,257,1,243,0,242,0,240,7,234,19,234,32,231
229,351,229,363,227,365,209,365,206,361,206,353,207,351,207,350,208,349,227,349
287,352,287,362,286,364,286,365,264,365,261,362,261,350,262,349,284,349
471,349,472,350,473,354,473,362,469,365,447,365,445,366,430,366,427,368,426,368,421,365,420,362,420,351,422,349,430,349,431,347,461,347,462,346,467,346
264,352,264,353,262,355,262,356,264,358,264,362,262,364,262,365,231,365,229,364,229,358,228,356,228,350,229,349,261,349
