371,202,398,211,399,211,456,259,458,262,457,263,435,320,434,322,423,331,421,332,419,331,392,307,346,282,269,282,266,281,264,277,255,212,256,210,258,209,269,204,370,201
234,218,259,268,259,282,258,285,209,322,175,375,173,376,162,380,158,380,134,361,106,352,104,351,104,349,106,334,106,332,124,312,146,271,184,240,185,239,229,215,232,215
484,304,486,307,517,426,517,427,510,488,484,568,483,571,480,571,430,565,426,564,426,561,451,428,422,335,422,332,423,331,469,300,473,300
157,375,159,376,168,385,169,388,156,490,178,582,177,586,175,588,113,609,111,609,109,607,89,568,88,567,72,493,75,443,75,441,94,365,97,363,100,362
227,537,229,537,233,541,249,548,252,551,252,553,254,555,252,557,252,562,248,568,248,570,244,574,238,574,231,569,229,569,225,565,222,565,210,553,206,540,211,535,213,535,216,532,220,532
404,522,404,527,378,557,378,558,343,578,331,580,329,580,325,576,323,563,323,561,327,556,331,556,362,539,382,517,391,515,393,515
271,561,277,561,280,563,315,563,319,580,320,582,318,584,309,584,307,587,276,587,274,584,256,582,252,580,252,573,256,564,256,560,261,557,262,556
138,866,136,879,141,889,134,896,79,892,41,896,19,892,17,891,13,880,14,878,23,865,24,863,44,859,130,857
153,862,221,865,223,867,223,868,221,883,223,887,221,892,220,893,188,891,186,893,155,893,148,895,146,895,142,888,142,865,143,862,150,860,151,860
301,869,301,886,296,891,226,891,223,888,223,869,230,865,298,865
