596,120,599,121,606,134,606,136,604,174,603,177,593,189,591,191,590,191,573,183,545,183,465,211,414,206,411,205,404,194,403,192,408,131,409,129,411,127,470,127,530,115
900,160,909,160,912,163,924,163,931,170,931,180,926,188,905,188,902,186,892,186,890,183,858,183,846,178,846,160,849,158,897,158
971,186,995,186,998,187,1005,192,1006,194,1009,212,1006,243,1004,245,992,253,991,254,901,254,874,249,872,248,867,243,866,240,866,184,867,182,869,180,945,178
81,241,71,234,69,218,69,216,71,213,71,208,78,203,86,203,88,206,139,206,144,213,144,239,141,241,129,241,127,239,110,239,107,241
576,179,581,184,582,187,587,250,586,253,581,258,579,259,552,261,504,277,487,277,485,275,478,270,476,268,476,210,477,208,482,201,484,198,516,193,552,178,574,178
278,274,282,278,282,296,275,301,273,302,256,302,254,299,252,302,249,299,189,299,184,292,182,291,182,280,185,273,186,272
318,277,321,274,368,274,375,277,376,278,379,298,379,299,374,302,345,302,342,299,289,299,284,297,284,279,289,274,312,274
417,279,417,299,415,302,376,302,371,297,371,279,374,277,415,277
643,279,667,279,669,282,699,282,703,284,703,297,699,302,616,305,614,305,606,299,606,279,609,277,640,277
998,282,1004,288,1004,303,995,312,913,312,911,310,901,310,895,303,895,291,900,284,912,279,913,279
272,320,270,317,270,305,275,299,279,299,282,297,287,299,304,299,306,302,311,299,338,299,345,305,345,315,340,320,321,320,318,317,308,317,306,320
888,332,890,334,890,354,886,358,855,358,849,351,849,336,856,330,885,330
