399,133,416,136,436,147,449,159,447,168,440,174,436,174,418,160,410,156,388,153,383,148,385,132,386,131,397,131
382,132,380,150,378,152,328,163,292,192,276,212,275,213,268,213,260,208,258,206,256,199,257,198,276,169,304,145,305,145,352,130,380,130
470,178,471,179,471,181,477,186,486,208,486,220,480,223,471,223,469,222,464,208,456,199,450,188,445,183,445,174,450,167,457,167
419,163,426,168,428,170,439,199,439,201,441,244,441,246,430,271,429,273,420,282,417,283,404,287,403,287,337,285,336,285,297,274,294,273,286,266,285,261,291,218,292,216,294,214,311,207,345,171,347,169,389,162,415,162
494,227,494,231,495,232,495,245,494,247,494,251,492,252,480,256,479,256,475,252,475,245,473,243,473,231,475,229,475,227,477,227,479,225,482,225,484,223,490,223
266,216,270,221,269,250,267,251,267,281,261,285,252,283,250,283,244,270,244,241,248,236,248,229,250,227,252,216,255,212,256,212
495,256,498,261,499,262,494,299,488,313,478,323,470,323,466,321,465,321,464,318,464,309,471,287,471,285,475,280,477,258,480,254,489,254
444,293,444,295,446,324,445,326,435,331,435,331,296,328,294,327,294,326,292,295,293,293,294,293,438,290,440,290
269,291,274,304,276,306,276,309,278,311,278,322,274,328,273,328,271,328,270,330,266,330,264,328,262,328,254,320,254,317,252,315,252,291,256,287,264,287
389,352,387,351,383,342,387,338,432,338,434,339,434,350,432,352,409,352,407,350,405,352
328,342,328,344,330,346,330,351,328,353,313,353,309,349,309,344,311,342,311,340,326,340
343,339,380,339,383,342,383,349,382,350,371,350,369,352,339,352,337,354,331,354,328,350,327,348,328,348,327,347,327,343,328,341,333,338,341,338
351,365,349,363,332,363,330,361,330,354,331,352,356,354,358,352,369,352,371,350,382,350,388,354,399,354,401,352,408,352,412,356,412,359,413,361,409,365,366,365,364,363,360,363,359,365
327,379,323,376,321,370,321,368,325,365,340,365,342,367,368,367,370,368,392,367,396,368,396,376,392,379,357,379,355,377,347,377,345,379
420,368,420,375,416,379,395,379,393,381,343,379,337,376,336,375,340,367,347,367,349,366,351,365,353,367,390,365,392,367,396,367,398,365,409,365,413,363,415,363
495,405,495,406,494,420,493,421,258,425,257,425,254,419,255,406,255,405,256,405,489,401
