1428,20,1451,44,1455,52,1447,69,1443,69,1035,109,768,109,745,93,741,89,741,48,768,20,1231,12
2950,89,2954,89,3103,194,3107,198,3130,263,3130,276,3083,316,3075,316,2981,332,2977,332,2812,203,2608,162,2467,203,2287,316,2279,316,2200,284,2196,280,2165,231,2165,223,2196,174,2200,170,2357,73,2483,32,2487,32,2691,24
2620,182,2624,186,2624,235,2616,243,2546,251,2467,292,2463,296,2440,296,2424,263,2420,259,2420,243,2436,219,2440,215,2455,215,2495,190,2550,182,2581,166,2597,166
2746,190,2801,198,2848,223,2852,223,2930,304,2938,353,2938,361,2914,393,2907,393,2797,280,2718,255,2632,247,2624,239,2624,203,2632,186,2652,174,2714,174
1043,170,1043,276,1035,284,808,316,651,401,592,479,627,531,627,540,619,544,400,535,392,531,392,475,486,345,682,182,690,178,894,154,1027,154
2436,288,2436,312,2404,345,2404,353,2400,361,2393,361,2361,393,2330,393,2310,373,2310,332,2326,316,2326,308,2330,304,2338,304,2369,272,2377,272,2385,263,2416,263
1133,337,1141,341,1141,373,1110,414,1106,418,1082,418,996,377,886,377,831,401,800,401,796,397,788,332,788,328,827,304,984,288
772,361,772,377,788,393,788,418,772,434,749,442,678,515,670,540,655,556,600,556,592,548,576,548,561,531,561,499,615,410,702,345,741,337,749,337
1357,308,1377,328,1424,434,1428,438,1428,576,1416,600,1377,625,1341,625,1314,596,1275,580,1271,576,1255,495,1208,406,1208,377,1224,345,1227,341,1322,300,1326,300
3185,422,3185,483,3114,637,3040,714,2914,787,2879,787,2808,698,2808,657,2812,649,2922,560,2958,499,2981,410,2989,406,3169,406
1173,548,1173,580,1157,605,1157,621,1141,653,1086,718,1047,734,1039,734,1016,702,1016,686,1023,669,1023,661,1078,596,1102,540,1118,531,1157,531
2267,401,2322,531,2404,625,2404,621,2569,661,2750,669,2757,678,2789,824,2785,836,2777,840,2597,848,2330,799,2322,795,2196,698,2149,633,2149,629,2094,475,2091,471,2098,406,2110,393,2259,393
1208,653,1212,657,1212,682,1129,767,1122,767,1098,791,1074,799,1067,808,1043,791,1039,787,1039,747,1047,738,1047,730,1071,722,1145,645,1153,645,1161,637,1184,637
737,694,768,710,839,726,855,751,859,755,851,771,851,787,827,799,819,791,772,791,765,783,741,783,694,759,663,734,663,702,674,678,706,661
1031,722,1031,747,1023,755,1000,763,988,775,972,775,965,783,949,783,941,791,910,791,902,799,870,799,851,779,851,738,855,734,863,734,870,726,910,726,918,718,933,718,941,710,949,710,957,702,972,702,980,694,1004,694
1047,779,1047,812,1016,836,976,844,965,856,933,856,925,864,902,864,894,872,870,856,867,852,867,803,878,791,933,791,941,783,957,783,980,767,988,767,996,759,1027,759
741,783,765,783,772,791,835,791,859,808,859,864,851,872,812,872,804,864,741,864,733,856,717,856,710,848,694,848,678,832,678,799,702,775,733,775
