244,109,245,112,237,141,235,142,169,144,125,162,113,162,103,156,102,155,98,141,100,132,100,130,101,129,162,107,236,105,238,105
311,127,313,129,311,155,311,155,305,159,303,160,271,147,252,144,248,140,247,138,247,134,251,127,251,116,252,113,254,111,264,111
604,138,604,140,608,166,608,167,602,173,601,173,509,187,508,187,501,184,500,182,500,153,505,147,507,147,597,133,599,133
310,164,311,166,311,180,310,184,308,185,302,186,301,186,300,186,266,186,263,183,251,185,233,181,224,183,223,183,217,179,216,178,216,167,221,159,222,158,300,158
216,160,218,171,214,180,213,182,203,184,112,186,111,185,105,181,104,180,104,162,108,158,125,160,127,158,214,158
486,158,488,159,488,160,490,182,483,189,399,204,388,202,386,200,388,171,389,169,448,162,471,156
221,183,240,183,244,185,244,194,242,196,242,203,238,208,231,208,229,207,191,207,189,205,177,205,175,203,175,196,177,194,179,194,180,195,182,193,181,192,175,192,174,188,174,186,179,183,217,181,219,181
578,178,576,211,575,213,565,218,421,237,419,237,409,233,408,231,407,213,407,211,418,200,420,200,464,195,494,186,576,176,578,176
213,265,252,265,253,269,254,269,255,270,246,283,240,285,226,285,220,289,195,289,186,283,182,283,177,279,177,271,182,267,203,265,205,263,211,263
215,292,219,292,221,294,221,305,220,307,216,307,214,309,213,309,211,307,195,307,193,304,193,297,196,292,200,292,202,290,213,290
292,289,296,292,296,311,298,312,299,314,297,316,297,351,293,358,284,358,282,357,278,348,278,339,280,337,278,332,280,330,278,328,280,326,278,324,280,322,280,293,284,288,285,287
