2062,952,2062,1011,2072,1021,2072,1026,2062,1055,2057,1060,2028,1070,1971,1070,1903,1100,1846,1110,1817,1129,1783,1129,1774,1120,1774,1095,1735,1026,1745,1006,1750,1001,1903,942,2048,932,2052,932
2365,927,2567,1006,2846,1243,2855,1248,2855,1258,2826,1356,2817,1361,2769,1361,2764,1356,2543,1159,2456,1110,2120,1050,2100,1021,2096,1016,2096,927,2125,898
1706,1120,1735,1149,1735,1154,1725,1184,1639,1243,1562,1322,1543,1332,1538,1337,1509,1337,1447,1273,1447,1253,1533,1164,1533,1159,1591,1120,1629,1080,1668,1070,1677,1070
2250,1554,2254,1559,2254,1746,2240,1761,2153,1761,2139,1746,2139,1707,2149,1697,2149,1608,2139,1598,2139,1569,2163,1544,2182,1544,2192,1534,2221,1534
2086,1731,2096,1731,2115,1761,2120,1766,2120,1786,2129,1796,2129,1845,2139,1855,2139,1884,2129,1894,2129,1914,2125,1919,2115,1919,2105,1929,2048,1929,2019,1909,2014,1904,2014,1855,2024,1845,2024,1746,2048,1722,2076,1722
1418,2027,1418,2087,1399,2106,1254,2106,1245,2097,1245,2077,1235,2067,1235,2047,1254,2008,1389,2008
1745,2032,1745,2082,1716,2101,1711,2106,1528,2106,1519,2097,1432,2097,1418,2082,1418,2023,1423,2018,1442,2018,1451,2008,1721,2008
1860,2018,1927,2018,1956,2037,1956,2087,1927,2106,1764,2106,1725,2077,1716,2072,1716,2052,1725,2037,1725,2018,1745,2018,1754,2008,1850,2008
2350,2013,2350,2062,2370,2092,2370,2101,2341,2121,2336,2126,2298,2126,2288,2116,2211,2116,2201,2126,2182,2126,2158,2101,2158,2023,2168,2008,2341,2008
2456,2008,2475,2008,2485,2013,2485,2092,2471,2106,2413,2106,2403,2116,2355,2116,2341,2101,2341,2023,2370,1998,2447,1998
2697,2023,2697,2052,2706,2062,2706,2082,2682,2106,2442,2106,2437,2101,2437,2092,2466,2052,2456,2023,2471,2008,2519,2008,2528,1998,2538,2008,2548,1998,2673,1998
2774,2008,2850,2008,2870,2037,2870,2077,2860,2087,2860,2097,2855,2106,2846,2106,2836,2116,2721,2116,2692,2097,2687,2092,2687,2023,2716,1998,2764,1998
1418,2126,1418,2205,1408,2215,1254,2215,1245,2205,1245,2185,1235,2175,1235,2146,1254,2106,1399,2106
1461,2106,1528,2106,1567,2126,1711,2126,1716,2131,1716,2180,1711,2185,1682,2185,1673,2175,1615,2175,1576,2195,1471,2205,1461,2215,1442,2215,1413,2195,1403,2126,1403,2116,1432,2097,1451,2097
1812,2116,1860,2116,1870,2126,1879,2126,1879,2175,1875,2185,1846,2205,1817,2205,1807,2195,1740,2195,1725,2180,1725,2121,1735,2106,1802,2106
2692,2146,2740,2126,2836,2126,2860,2151,2850,2200,2802,2200,2798,2205,2730,2175,2663,2195,2288,2185,2288,2175,2317,2166,2346,2126,2403,2116,2538,2126,2605,2116
2221,2141,2225,2141,2216,2161,2221,2166,2240,2166,2250,2175,2250,2180,2240,2190,2144,2190,2134,2200,2096,2200,2086,2190,2000,2190,1990,2171,1990,2141,2000,2131,2201,2131
2283,2126,2360,2126,2418,2146,2427,2166,2423,2175,2384,2195,2307,2195,2250,2215,2240,2205,2134,2195,2076,2156,2048,2156,2009,2185,1990,2156,1985,2146,2004,2126,2264,2116,2274,2116
2913,2126,3028,2126,3033,2131,3043,2190,3028,2205,2894,2205,2865,2185,2846,2156,2778,2156,2769,2146,2740,2146,2701,2175,2634,2175,2629,2171,2629,2161,2673,2136,2701,2136,2730,2116,2875,2126,2903,2116
1754,2240,1764,2235,1774,2245,1783,2245,1793,2235,1879,2235,1889,2245,1927,2245,1927,2264,1937,2274,1932,2284,1788,2294,1778,2304,1586,2304,1567,2274,1562,2269,1562,2250,1572,2230
2153,2235,2173,2235,2182,2245,2192,2245,2197,2250,2197,2279,2192,2284,2182,2284,2173,2294,2144,2294,2134,2304,2086,2304,2052,2269,2052,2250,2057,2245,2067,2245,2086,2225,2144,2225
2312,2235,2331,2235,2331,2264,2326,2269,2331,2274,2331,2294,2322,2304,2129,2304,2120,2294,2091,2294,2091,2274,2110,2254,2110,2235,2120,2235,2129,2225,2302,2225
2048,2235,2076,2235,2081,2240,2072,2299,2043,2309,1850,2299,1841,2304,1831,2294,1677,2304,1639,2284,1663,2235,1961,2225,1980,2235,1990,2225,2038,2225
2451,2245,2456,2254,2427,2284,2427,2294,2418,2304,2399,2304,2389,2314,2322,2314,2312,2304,2293,2304,2283,2294,2274,2294,2264,2284,2264,2264,2269,2254,2298,2245,2307,2235,2355,2235,2365,2225,2423,2225
2658,2240,2658,2289,2634,2314,2548,2314,2538,2304,2423,2304,2418,2299,2418,2240,2423,2235,2432,2235,2442,2225,2644,2225
