468,90,469,92,491,92,494,93,497,100,497,135,495,138,483,144,480,143,478,141,457,141,426,147,364,147,355,138,355,101,356,98,362,95,421,95,443,89,464,89
1038,209,1038,255,1028,264,895,270,892,269,886,256,886,210,888,207,895,200,997,203,1028,200
214,198,217,200,217,203,220,292,220,295,214,304,211,306,10,340,6,340,4,335,-1,292,4,218,4,215,9,213,92,220,146,213,193,195,196,195
810,236,815,236,818,241,818,243,812,341,810,346,806,347,639,347,454,378,315,363,310,361,308,356,308,252,310,247,315,246,452,261,671,227
752,355,773,358,776,361,776,376,767,389,766,389,698,383,695,386,654,389,648,386,647,384,644,360,645,358,661,352,749,352
139,324,142,326,143,329,146,381,140,409,139,412,135,413,37,429,9,429,6,427,0,421,-1,418,1,344,3,341,6,340,40,336,64,327,123,321
650,360,650,363,653,366,653,381,644,384,639,389,624,389,620,392,596,392,594,390,594,387,591,384,591,369,596,364,599,364,602,361,617,361,620,358,648,358
580,373,582,375,582,393,573,400,571,401,549,404,525,413,497,416,481,423,466,423,461,418,461,396,471,390,472,389,500,386,512,380,537,376,540,373,556,373,571,367
464,396,464,418,457,426,435,426,430,421,430,403,435,398,438,398,444,392,460,392
457,401,458,403,458,415,455,421,454,423,447,423,444,426,423,426,420,429,370,429,367,426,358,426,350,418,350,406,353,400,355,398,426,398,429,395,454,395
359,429,372,429,375,432,378,432,378,453,375,456,310,456,304,450,304,438,310,426,356,426
1038,384,1038,387,1044,473,1038,498,1038,501,1028,510,1025,510,963,507,960,506,957,500,957,498,960,464,954,443,957,393,957,390,966,381,970,381,1028,378,1031,378
443,436,443,455,437,458,435,460,373,460,370,456,342,456,339,450,339,447,352,447,361,453,369,446,369,440,362,433,367,429,435,429
551,463,551,466,548,469,548,481,542,487,468,487,464,484,455,484,452,481,452,472,455,469,455,456,458,453,539,450,542,450
327,453,379,453,383,456,447,453,460,460,461,461,461,473,452,480,451,481,435,484,315,484,307,476,307,461,313,447,321,447
188,449,191,450,191,489,179,501,98,507,46,520,16,520,4,513,3,510,3,470,15,458,148,449,169,443
329,469,329,472,324,476,341,484,415,484,429,476,424,472,426,469,444,466,446,466,449,469,449,472,443,484,446,512,440,521,438,521,318,524,307,513,307,492,313,481,313,466,319,463,322,463
468,487,526,487,535,493,535,518,532,521,449,521,446,518,446,490,452,484,464,484
435,569,435,583,429,592,429,612,421,627,406,636,376,636,358,630,330,627,321,618,321,581,330,561,333,560,367,563,376,560,379,563,410,566,426,560
960,661,985,670,1019,670,1031,680,1034,683,1031,720,1019,732,1007,732,970,720,895,716,886,707,886,689,892,667,894,664,906,655,908,655
540,676,542,678,573,712,574,713,574,726,565,738,565,744,559,750,549,750,546,747,519,747,500,735,497,732,497,716,503,704,497,689,497,676,502,672,519,667
1007,726,1022,723,1024,723,1033,729,1034,732,1034,775,1031,778,1002,781,988,798,985,800,970,796,966,795,956,781,945,778,889,781,886,780,880,767,880,766,883,738,892,721,895,720,963,720
193,766,193,781,188,786,154,786,151,783,123,783,118,778,118,772,123,767,129,767,132,764,157,764,166,758,185,758
835,773,838,775,838,787,834,792,793,792,790,789,787,789,786,787,786,784,783,781,783,775,789,767,826,767
968,773,987,773,990,776,990,798,983,804,925,804,922,801,894,801,878,795,875,792,875,783,885,773,891,773,894,770,956,773,962,770,965,770
1033,780,1036,781,1036,784,1039,787,1036,792,1036,801,1030,807,1021,807,1017,810,1014,810,1013,809,1011,810,996,810,993,807,987,807,983,804,983,798,987,795,987,789,990,786,990,780,993,780,996,776,1011,776,1014,773,1024,773
186,781,193,790,193,800,191,801,188,801,185,804,142,804,139,807,120,807,115,803,115,787,122,780,183,780
508,786,508,807,505,810,505,813,495,813,492,816,464,816,461,813,458,813,458,807,455,804,455,798,452,795,452,789,458,783,505,783
367,780,376,780,379,783,392,786,396,790,396,803,387,815,386,816,319,816,313,804,313,795,310,789,310,786,316,776,364,776
922,798,931,798,934,801,934,823,928,829,897,829,888,823,881,823,878,820,875,820,875,813,878,810,878,807,885,801,888,801,891,798,897,798,900,795,919,795
1034,792,1036,793,1036,818,1030,827,1028,829,939,829,934,824,934,806,940,803,942,801,982,801,985,798,994,798,997,801,1010,801,1028,789
573,916,573,910,576,909,577,910,579,907,591,901,600,901,603,898,613,898,616,896,619,900,631,900,637,903,637,906,619,924,619,952,613,955,603,950,603,947,594,938,585,935,579,929,579,916,576,918
55,955,64,955,67,958,95,958,97,960,94,966,94,975,91,978,88,978,88,972,86,970,81,981,63,981,60,984,26,984,23,986,13,976,13,960,21,952,52,952
573,966,576,969,576,984,574,986,565,986,562,989,549,989,546,986,540,986,539,984,539,969,546,963,573,963
619,992,610,986,610,964,616,958,687,958,693,967,693,980,696,983,696,992,693,995,681,995,678,992,653,992,650,989,641,989,637,992
202,1003,202,1010,200,1012,202,1013,202,1016,199,1020,199,1026,193,1029,174,1029,171,1032,152,1032,149,1035,139,1035,132,1032,132,1020,126,1007,125,1006,128,1000,134,996,199,996
994,1004,996,1006,996,1015,993,1018,993,1030,988,1035,963,1035,956,1027,956,1006,960,1001,963,1001,966,998,985,998
693,1016,696,1016,699,1013,730,1013,749,1023,749,1030,755,1040,755,1052,750,1056,710,1056,707,1053,682,1053,679,1056,673,1056,665,1049,665,1043,662,1040,665,1036,662,1033,665,1030,662,1027,665,1024,662,1018,665,1013,690,1013
515,1023,519,1023,520,1024,535,1052,535,1056,523,1087,520,1090,446,1109,177,1118,173,1118,160,1109,159,1106,152,1081,152,1080,156,1049,157,1044,160,1044,376,1013
861,1104,861,1147,860,1150,841,1160,807,1160,804,1163,770,1163,758,1156,756,1155,753,1146,753,1143,759,1130,759,1109,769,1103,772,1101,834,1101,837,1098,855,1098
525,1093,540,1103,543,1107,543,1181,534,1203,528,1206,206,1215,202,1212,165,1160,163,1155,179,1118,183,1113,233,1104,520,1092
176,1193,176,1204,166,1204,163,1201,148,1201,145,1204,129,1204,125,1200,125,1190,129,1187,148,1187,151,1184,169,1184
769,1160,871,1147,1028,1156,1033,1158,1042,1167,1044,1172,1044,1264,1042,1269,1038,1270,692,1276,687,1275,685,1273,670,1246,670,1243,673,1160,676,1155,688,1146,692,1144,738,1144
194,1207,196,1209,196,1221,188,1229,179,1229,176,1232,123,1232,117,1223,115,1221,115,1212,118,1209,118,1203,126,1195,142,1198,145,1195,173,1195,176,1192,182,1192
