642,134,642,138,634,207,632,211,625,215,623,215,576,211,573,215,496,215,476,211,473,211,469,207,469,138,473,128,476,126,634,126
869,134,873,136,888,155,888,157,880,207,876,211,661,211,650,205,650,144,657,132,661,130
955,144,955,186,951,190,951,209,944,217,901,217,894,205,894,186,898,182,898,151,901,148,901,140,913,132,948,132
1198,153,1200,157,1196,207,1196,211,1188,219,975,219,963,211,961,207,965,142,967,138,1178,138
846,226,848,226,867,238,869,242,869,284,865,288,846,292,780,280,584,284,580,280,576,230,580,226,646,219,773,219
1103,234,1107,240,1103,251,1107,275,1105,275,1078,290,994,301,992,303,907,292,903,288,903,242,905,240,917,232,919,230,969,238,1042,238,1096,226
1101,307,1101,326,1096,332,1080,332,1075,326,1075,303,1076,301,1096,301
1163,309,1163,321,1159,325,1159,332,1155,336,1109,336,1098,325,1098,317,1094,313,1094,305,1098,301,1155,301
773,326,915,323,1011,330,1015,334,1019,369,1017,371,1005,378,905,382,655,375,651,375,628,351,626,348,638,325,642,323,661,319
1155,340,1159,340,1159,348,1163,351,1163,355,1159,359,1159,371,1155,371,1151,375,1148,375,1144,371,1105,371,1098,363,1094,351,1101,338,1148,338,1151,336
1123,376,1176,376,1180,380,1180,392,1173,400,1153,396,1150,400,1119,400,1115,396,1100,396,1096,392,1092,392,1088,388,1088,380,1096,373,1119,373
1475,532,1498,551,1500,553,1500,594,1507,605,1505,609,1492,623,1473,623,1469,621,1455,601,1446,621,1444,623,1421,634,1378,638,1328,657,1301,657,1298,655,1288,646,1288,626,1280,619,1269,619,1265,617,1265,615,1269,596,1273,592,1353,580,1411,542,1473,530
82,661,82,665,94,676,94,680,98,684,98,715,94,719,94,723,76,740,69,740,65,744,55,734,55,707,59,703,59,688,63,684,63,665,69,659,80,659
