188,32,207,43,208,44,209,51,209,53,197,65,186,65,164,57,145,54,144,54,136,48,118,53,116,53,93,40,92,40,89,34,89,33,92,27,93,27,108,19,122,17,123,17
118,52,124,52,125,53,131,53,132,55,150,55,152,57,152,66,151,70,150,71,146,72,145,72,144,71,127,71,126,70,104,70,100,65,100,65,101,53,104,49,110,49
165,57,171,57,186,62,187,61,188,61,189,63,198,64,200,68,200,70,200,70,200,71,200,76,199,79,196,80,189,80,187,79,176,78,175,76,165,76,158,74,154,74,151,70,152,58,153,56,163,56
100,65,104,64,113,67,120,67,121,65,129,68,130,68,131,71,131,80,129,83,118,83,110,80,102,80,96,78,84,78,80,76,77,72,76,71,79,65,83,64,84,64
187,81,216,81,217,89,216,90,207,91,190,86,172,87,164,84,136,83,133,79,133,78,137,72,147,73,148,72
313,90,314,90,318,95,318,97,316,98,319,106,327,112,334,110,334,111,336,116,335,117,314,117,314,116,314,116,319,112,315,110,311,112,307,109,286,105,264,103,261,101,261,87,262,86,273,84
331,118,323,118,320,117,319,116,321,113,312,108,312,107,311,97,307,92,307,91,308,91,309,92,312,89,320,89,327,91,353,95,354,95,358,99,361,114,361,116,358,118,356,118,347,114,333,114,332,118
91,103,106,103,107,104,116,103,121,106,122,107,118,123,118,124,112,127,107,127,106,126,81,126,80,125,74,125,73,124,69,117,69,116,70,115,70,106,71,103,73,101,89,101
301,106,310,106,311,105,315,105,318,108,325,109,326,110,334,110,337,113,337,118,336,120,329,120,327,118,316,118,315,117,305,117,304,116,298,116,294,113,294,106,296,105,300,105
164,112,223,116,227,120,227,134,226,135,212,138,138,131,137,131,129,127,128,126,129,111,130,110,137,107,138,107
325,136,325,137,323,139,323,144,316,147,304,148,300,151,294,163,294,163,287,162,278,155,278,154,278,148,279,145,279,144,293,133,303,132,304,131,322,131
145,133,149,137,147,152,145,156,143,157,127,157,113,154,69,152,64,148,66,131,70,127
354,142,355,142,369,155,372,163,372,165,366,169,359,167,358,167,344,155,326,147,326,135,327,133,331,132
209,148,214,148,214,148,221,159,221,166,223,169,225,170,227,173,227,174,226,175,208,176,200,174,178,172,176,171,176,168,179,165,178,152,180,149,189,149,194,146,208,146
118,157,122,161,121,182,120,183,116,186,116,186,71,184,71,184,65,180,64,179,64,160,65,159,72,154,73,154
195,174,225,176,228,178,228,184,226,188,180,186,178,182,177,182,177,176,178,174,192,174,194,173
305,201,296,196,280,196,278,195,271,170,272,168,278,160,280,159,299,159,316,165,377,167,377,168,384,172,385,174,390,197,389,198,388,199,357,201,313,197,307,201
302,199,303,199,312,207,312,209,314,210,314,213,307,219,306,219,305,220,301,219,294,212,292,212,287,207,287,199,290,197,292,197,294,196,298,196
166,207,211,208,216,212,216,218,211,220,184,219,182,220,165,220,163,219,158,219,155,216,155,211,156,210,155,210,155,208,159,205,165,205
125,209,129,205,138,205,139,205,139,206,138,218,142,232,142,233,139,236,138,236,120,235,96,239,73,237,69,235,69,234,73,218,71,203,73,202,89,202
384,206,385,213,377,227,377,227,373,231,363,235,356,235,355,237,345,237,343,234,343,227,341,224,341,223,343,220,349,220,361,216,369,209,370,205,374,201,379,201
326,216,329,216,330,218,336,218,339,219,341,222,341,227,340,228,340,235,338,237,334,237,332,235,328,235,327,234,324,234,313,229,308,224,308,220,311,214,312,212,318,212
167,220,229,220,233,224,232,243,230,244,219,246,171,241,153,243,152,243,145,239,145,237,146,221,150,217
415,256,418,273,414,276,414,277,392,282,294,284,293,284,289,281,288,280,288,265,289,263,294,259,295,259,388,258,414,255
219,262,222,263,223,265,223,273,226,278,225,279,221,282,148,282,147,282,129,281,128,280,127,276,128,265,132,261
102,271,103,275,103,286,102,288,101,289,98,290,91,290,83,293,78,293,76,294,69,294,68,296,65,296,64,295,59,290,59,280,60,278,60,277,60,276,60,275,59,272,60,271,62,267,65,265,66,265,70,265,81,261
417,285,417,294,414,298,410,298,408,299,407,298,396,298,394,296,394,293,392,292,392,285,393,284,394,284,396,283,415,283
365,286,373,286,374,284,388,284,390,286,390,298,388,299,374,299,373,301,363,301,359,299,358,296,358,293,355,288,356,286,361,286,362,284,363,284
353,287,354,288,352,290,352,294,354,295,354,299,351,302,325,302,323,303,318,303,316,302,316,298,315,297,315,287,316,286,348,286,349,284
212,286,213,287,214,290,211,305,211,306,211,307,172,307,171,308,151,308,151,307,148,303,147,303,149,296,147,292,152,286,153,285,160,286,160,286,162,286,162,286,164,285,208,285
316,291,316,292,316,300,313,303,301,303,298,301,298,292,300,290,300,289,301,288,302,288,303,287,313,287
