853,368,865,372,913,427,918,435,950,631,946,643,934,651,450,682,144,674,136,674,104,659,96,651,96,643,112,392,116,380,128,376,394,353
2190,541,2182,619,2174,627,1626,643,1622,639,1598,623,1594,619,1594,549,1598,545,1622,529,2146,506,2154,506
1195,553,1195,592,1187,600,1187,623,1171,639,1139,639,1131,647,1050,647,1042,639,1042,623,1034,615,1034,561,1058,545,1187,545
1534,553,1534,580,1550,604,1550,627,1538,639,1505,639,1497,631,1417,631,1409,639,1256,639,1252,635,1244,604,1252,580,1244,564,1244,561,1260,545,1501,537,1509,537
2182,1267,2190,1267,2194,1271,2194,1310,2186,1318,2186,1326,2182,1329,2174,1329,2166,1337,2085,1337,2077,1345,2053,1345,2045,1353,2037,1353,2013,1337,2009,1333,2009,1302,2041,1278,2045,1275,2093,1275,2101,1267,2150,1267,2158,1259,2174,1259
2182,1349,2178,1373,2170,1380,2154,1380,2129,1396,2097,1396,2089,1404,2065,1404,2057,1412,2029,1412,2021,1404,2021,1365,2029,1357,2045,1357,2053,1349,2133,1349,2142,1341,2174,1341
1103,1357,1111,1365,1119,1396,1115,1400,1034,1471,986,1557,982,1561,942,1561,909,1545,861,1537,853,1530,845,1498,853,1475,881,1447,905,1392,930,1369,986,1345,1006,1326,1054,1326
1658,1788,1683,1812,1683,1851,1646,1887,1574,2004,1517,2059,1429,2098,1425,2102,1328,2126,1324,2126,1284,2110,1280,2102,1264,2008,1288,1985,1336,1977,1433,1926,1562,1785,1570,1781
978,1773,982,1777,1083,1922,1179,1969,1236,1977,1268,2000,1272,2008,1256,2110,1248,2118,1183,2118,1006,2055,1002,2055,946,2008,873,1914,837,1843,837,1812,841,1804,938,1765,946,1765
805,2240,809,2244,809,2251,801,2259,801,2275,793,2283,793,2291,781,2302,773,2302,756,2318,740,2318,732,2326,700,2326,688,2314,688,2275,696,2267,696,2251,716,2232,732,2232,740,2224,781,2224
2258,2577,2266,2569,2290,2569,2307,2585,2315,2585,2315,2593,2323,2601,2323,2624,2315,2632,2290,2632,2282,2640,2242,2640,2234,2648,2194,2648,2186,2644,2170,2620,2170,2612,2178,2601,2178,2585,2202,2577,2210,2569,2250,2569
