1667,624,1675,628,1675,668,1655,688,1584,688,1577,696,1530,696,1526,692,1526,676,1518,668,1518,644,1526,632,1526,624,1533,624,1541,616,1565,616,1573,607,1643,607
1522,640,1530,640,1533,644,1533,660,1541,668,1541,700,1518,708,1471,748,1467,752,1459,752,1435,785,1412,793,1373,760,1369,756,1369,740,1377,732,1377,724,1424,676,1479,652,1490,640,1506,640,1514,632
1734,624,1804,664,1828,688,1832,688,1871,769,1871,825,1863,833,1808,833,1745,736,1706,712,1667,704,1659,688,1659,640,1675,616,1679,616
1408,785,1416,785,1416,793,1424,801,1424,825,1408,849,1408,865,1400,873,1400,881,1377,905,1329,905,1314,889,1314,833,1322,825,1322,817,1337,801,1337,793,1361,769,1392,769
1839,926,1839,930,1859,970,1843,1018,1781,1091,1694,1155,1690,1159,1604,1191,1494,1183,1392,1131,1353,1091,1349,1091,1326,1034,1333,986,1337,978,1384,946,1392,946,1479,1050,1545,1075,1545,1071,1632,1071,1686,1038,1737,954,1792,913,1800,909
2706,1083,2777,1260,2777,1268,2746,1348,2742,1352,2734,1352,2683,1328,2616,1352,2608,1352,2553,1320,2550,1312,2553,1304,2636,1256,2608,1240,2067,1312,2051,1336,2071,1381,2071,1389,2067,1393,1934,1425,1922,1425,1922,1413,1934,1372,1926,1372,1890,1421,1883,1425,1788,1417,1781,1413,1781,1409,1796,1199,1800,1191,2043,1135,2695,1079,2706,1079
1561,1224,1569,1228,1569,1232,1553,1344,1545,1352,957,1393,792,1433,749,1417,729,1433,765,1457,768,1465,761,1473,714,1481,690,1525,682,1530,643,1521,635,1517,635,1509,655,1445,600,1409,596,1401,612,1304,619,1296,1451,1207
2769,1248,2777,1252,2777,1256,2761,1352,2757,1360,2710,1385,1847,1457,1843,1457,1773,1441,1765,1433,1773,1336,1777,1328,1808,1312,1812,1312,1953,1320,2087,1288,2173,1296,2251,1264,2644,1232
1275,1385,1282,1389,1302,1409,1286,1473,1282,1477,1259,1493,1008,1517,969,1534,772,1534,741,1513,702,1530,694,1525,663,1501,663,1493,678,1477,686,1477,702,1485,714,1453,717,1449,772,1425,1133,1368
2730,1457,2746,1594,2742,1602,2718,1618,2714,1618,1836,1650,1828,1646,1796,1598,1796,1594,1812,1513,1816,1505,1926,1481,2718,1449,2730,1449
1530,1534,1561,1598,1561,1658,1557,1666,1526,1691,1522,1691,706,1739,564,1715,557,1711,557,1707,564,1626,568,1618,608,1594,612,1594,1522,1530
2675,1618,2683,1622,2683,1630,2652,1727,2644,1731,2440,1763,2024,1779,1867,1763,1859,1759,1836,1678,1839,1670,1859,1650,2134,1650,2589,1602
1581,1678,1628,1759,1632,1763,1624,1795,1616,1803,564,1884,525,1868,517,1864,517,1856,549,1767,557,1763,1349,1715,1577,1674
2914,1956,2918,1964,2918,2077,2887,2109,2636,2117,2632,2117,2608,2101,2604,2093,2604,1972,2620,1956,2808,1956,2816,1948,2887,1940,2891,1940
3028,1964,3240,1972,3256,1989,3256,2093,3244,2105,3236,2105,3232,2101,3169,2101,3162,2109,3012,2109,3005,2117,2973,2109,2950,2085,2950,2045,2958,2037,2950,2029,2950,1980,2973,1956,3020,1956
600,2254,600,2262,623,2286,623,2282,663,2307,663,2315,651,2339,663,2347,670,2363,670,2399,663,2411,631,2411,615,2387,604,2383,561,2403,529,2403,498,2387,490,2387,482,2371,466,2363,474,2299,474,2290,498,2274,529,2274,561,2258,584,2258,592,2250
