686,269,828,292,832,296,836,334,834,336,819,348,817,350,686,326,544,323,517,311,513,307,505,276,517,265
475,267,479,275,481,319,473,326,390,326,292,346,290,344,278,328,274,294,274,290,278,286,436,267,438,265,473,265
884,363,888,365,911,388,913,392,913,423,911,426,896,446,892,448,434,451,225,440,221,438,219,434,215,400,215,398,230,359,236,355
971,455,975,457,976,459,992,536,990,542,963,565,959,567,637,559,582,586,578,586,538,548,177,555,173,553,171,551,159,478,161,473,185,453,189,451
138,703,153,703,159,709,183,713,193,723,193,757,197,765,193,773,191,775,179,782,136,782,134,780,118,780,114,776,90,776,88,775,84,767,84,725,80,721,80,717,82,715,82,707,90,700,134,700
226,721,278,721,282,717,321,717,329,728,329,771,313,778,294,778,292,776,290,778,286,778,284,776,282,778,207,778,203,775,203,725,219,717,223,717
1030,815,1050,838,1051,842,1059,903,1057,907,1053,909,528,928,525,926,509,907,507,903,507,834,509,830,513,828,635,813,1026,813
1010,934,1030,953,1032,957,1032,1019,1028,1025,1004,1032,574,1040,570,1038,566,1034,562,950,564,946,568,944,1006,932
986,1092,990,1096,998,1130,998,1132,986,1151,982,1153,967,1157,789,1161,750,1150,746,1146,742,1107,753,1096,978,1088
700,1100,702,1103,714,1146,714,1148,710,1159,708,1161,700,1165,637,1165,598,1173,538,1173,532,1171,521,1151,521,1148,528,1125,528,1105,530,1103,542,1096,671,1096,673,1094,676,1092
495,1107,497,1111,493,1161,477,1176,446,1180,442,1176,339,1176,331,1169,339,1111,341,1107,349,1103,459,1103,475,1100,479,1100
1030,1142,1046,1203,1030,1219,935,1226,750,1219,631,1226,611,1217,613,1213,615,1211,690,1203,698,1200,694,1192,675,1188,671,1184,673,1180,763,1153,957,1150,1024,1138
357,1169,463,1165,467,1165,469,1169,473,1188,469,1223,453,1238,292,1246,280,1234,280,1180,284,1171,286,1169,309,1161
544,1171,564,1171,572,1175,574,1176,574,1219,568,1225,556,1225,552,1228,548,1225,544,1228,489,1228,477,1221,475,1219,475,1192,491,1171,499,1167,540,1167
