700,25,701,27,701,29,678,53,632,69,548,73,544,73,536,61,536,57,540,53,540,41,536,37,536,17,565,17,569,13,573,17,576,13,673,13
798,73,794,94,778,102,776,104,684,116,500,163,476,163,467,153,467,138,480,124,653,88,696,88,773,61,790,61
1473,193,1476,195,1476,197,1480,248,1478,252,1467,260,1403,260,1315,280,1115,300,1096,290,1096,288,1100,236,1103,232,1450,185
1411,398,1405,375,1388,367,1365,394,1386,420,1388,424,1384,426,1342,430,1338,426,1338,394,1323,363,1326,272,1330,268,1411,256,1457,264,1461,268,1457,335,1446,359,1450,414,1446,418,1423,422,1421,420,1419,416,1423,402,1419,400,1415,402
1300,278,1303,286,1303,351,1301,355,1282,367,1280,367,1157,371,1100,378,1096,376,1092,369,1092,367,1100,300,1103,296,1253,276,1296,276
798,292,801,292,803,296,796,359,796,361,784,376,780,378,642,371,526,394,523,390,511,323,511,319,513,319,644,280
1403,321,1405,317,1407,315,1411,315,1407,311,1409,307,1407,303,1407,280,1411,276,1442,272,1446,276,1446,303,1444,307,1446,311,1444,315,1438,317,1463,357,1465,359,1461,418,1459,422,1436,434,1332,438,1328,436,1326,434,1319,351,1321,349,1344,321,1348,278,1350,276,1365,276,1369,278,1369,280,1365,300,1376,323,1407,323
1303,363,1303,367,1307,430,1307,434,1300,442,1296,442,1169,446,1103,457,1100,457,1084,442,1084,438,1088,386,1088,384,1096,373,1098,371,1109,367,1290,355,1296,355
234,463,251,481,255,489,255,505,253,507,246,511,230,503,219,491,203,483,196,483,192,479,180,479,176,483,161,483,159,481,159,465,173,455,219,455
932,333,1036,412,1040,414,1117,509,1117,511,1182,673,1182,676,1171,712,1167,716,1086,740,1080,740,1078,736,986,532,948,489,832,406,832,398,875,315,878,313,882,313
167,473,163,493,155,505,155,509,148,517,136,544,132,548,117,548,113,550,109,546,105,546,105,538,101,534,101,530,105,526,105,519,109,515,109,511,148,471,163,471
259,507,259,515,263,519,263,534,267,538,267,558,263,562,263,570,255,578,251,578,248,582,228,582,217,574,213,572,225,552,225,540,228,536,228,528,232,525,232,513,236,509,236,505,240,501,248,501,251,499
465,394,465,442,342,556,250,746,246,746,188,738,184,734,180,698,180,696,300,475,396,380,398,378,436,367,442,367
259,556,242,574,225,574,232,596,205,635,178,647,176,649,142,649,132,639,132,631,140,627,142,625,161,633,192,625,213,607,200,601,134,605,130,582,128,580,136,568,221,560,232,536,244,536,251,528,255,528
1007,765,1007,771,988,838,986,840,951,852,344,844,340,844,294,828,290,825,298,769,303,763,1003,763
965,850,971,852,975,860,971,998,969,1004,963,1008,863,1028,861,1028,288,992,282,988,267,973,263,967,271,856,275,850,280,846
757,1022,792,1038,796,1040,803,1063,844,1093,846,1097,844,1101,684,1101,373,1053,288,1053,284,1051,273,1008,275,1004,288,990
851,1053,917,1053,917,1055,932,1079,932,1107,934,1111,930,1113,911,1117,861,1105,776,1105,688,1089,684,1087,665,1044,667,1038,713,1022,755,1022
1192,1034,1194,1034,1209,1046,1211,1050,1207,1089,1236,1097,1248,1093,1253,1095,1269,1123,1269,1126,1265,1128,1238,1132,1207,1125,1184,1140,1030,1125,1026,1123,1026,1121,1023,1097,1030,1034,1030,1030,1034,1030,1092,1026
1415,1040,1419,1042,1434,1061,1436,1065,1436,1136,1434,1140,1423,1156,1419,1158,1069,1126,1067,1125,1048,1113,1044,1111,1046,1105,1067,1083,1050,1051,1048,1048,1051,1046,1071,1034,1073,1032
