598,257,606,266,606,273,602,278,602,282,597,284,585,284,575,280,568,280,558,284,551,284,546,280,546,257,549,252,554,250,584,250
669,329,674,341,674,351,664,356,633,356,628,354,626,356,614,356,604,361,592,361,585,356,582,339,582,336,592,331,640,329,643,326,659,324,662,324
580,340,580,342,582,345,582,350,585,352,585,357,587,360,587,362,586,363,574,363,572,366,564,366,558,360,558,352,561,350,561,342,567,336,576,336
554,347,554,357,549,360,548,361,540,361,538,363,519,363,500,373,480,373,477,370,477,350,480,346,509,344,512,341,548,341
641,361,643,362,643,365,637,370,605,370,603,372,598,372,591,367,590,367,590,365,588,363,586,363,585,362,585,357,586,356,593,356,596,358,600,358,603,356,617,356,620,354,637,354
581,360,586,360,591,365,594,365,594,372,591,376,586,376,584,378,562,378,560,376,552,376,550,378,545,378,543,381,540,381,538,378,531,378,531,377,540,370,545,370,548,372,550,372,562,360,574,360,576,357,579,357
562,363,564,363,566,365,566,370,568,372,566,376,561,376,558,378,554,378,551,381,537,381,534,383,525,383,522,386,515,386,508,381,506,379,506,372,512,366,516,366,519,363,533,363,536,361,543,361,545,358,557,358
284,388,294,388,296,391,301,391,306,398,306,403,304,405,304,413,301,415,280,415,277,413,270,413,268,410,265,410,265,388,268,386,282,386
949,419,959,426,960,429,960,513,959,515,956,516,875,521,860,519,858,518,856,515,852,429,853,426,854,425,873,420,945,418
890,618,884,611,887,609,884,603,885,599,897,594,901,588,908,541,911,540,923,537,959,545,961,547,966,582,966,616,959,624,913,619,906,614,900,614,893,619
