296,92,306,96,337,100,339,100,345,107,345,115,339,121,330,121,291,113,237,113,236,112,234,95,234,94,242,90
232,92,232,93,234,110,232,114,232,115,221,119,205,119,157,133,155,133,138,117,138,115,142,105,146,102,159,102,177,98,183,94,217,90,219,88,221,88
311,121,313,122,313,130,308,135,216,133,180,137,176,133,175,131,183,123,248,117
450,182,454,182,458,186,458,190,460,192,460,202,458,204,454,204,452,206,448,206,446,204,440,204,438,202,430,202,424,198,420,198,416,194,416,180,418,178,418,176,422,172,432,172
218,198,251,198,253,196,255,198,257,196,267,196,273,200,274,201,274,207,268,216,267,217,206,217,204,215,202,217,200,215,198,217,190,213,189,212,191,199,196,194,206,194
480,309,490,320,488,336,478,346,374,326,237,322,235,320,231,291,232,289,380,289
212,288,220,300,220,301,216,320,214,322,44,350,30,348,28,347,22,329,23,327,34,316,182,289,210,287
416,350,418,356,414,371,413,372,346,370,344,372,320,372,316,366,315,364,315,351,319,349,347,351,349,349,404,349,410,347
311,353,311,372,309,374,213,374,209,370,207,359,207,357,213,351,232,353,234,351,309,351
105,353,178,353,182,351,188,355,189,356,189,371,186,374,113,374,111,376,101,376,95,372,94,371,94,356,98,351,99,351
