756,311,758,311,764,317,764,331,755,347,753,348,744,348,661,317,566,314,564,314,558,307,558,281,560,279,661,279
549,279,552,281,555,309,555,311,549,317,521,317,490,323,435,348,423,348,413,336,413,311,423,304,481,285,503,285,533,276
453,371,576,371,586,377,586,408,584,408,560,412,558,412,555,408,500,405,496,408,429,408,423,402,420,374,420,371,421,371,449,367,450,367
620,386,623,386,626,390,626,393,629,396,629,412,616,424,610,424,607,427,604,427,601,424,598,424,595,421,595,418,592,415,592,405,601,396,601,393,610,383,616,383
650,386,696,386,703,393,703,415,696,424,641,424,632,412,632,399,635,396,635,390,644,383,647,383
749,396,749,412,747,415,744,415,741,418,716,418,713,421,710,421,701,415,700,413,700,394,703,390,743,390
592,405,595,405,595,407,589,429,555,435,553,437,544,434,430,434,424,424,423,421,435,402
424,453,473,453,476,456,529,456,533,461,533,483,526,491,510,491,507,494,433,491,430,494,427,491,424,494,412,494,406,491,404,489,401,480,401,478,404,475,404,453,410,450,412,450
472,497,484,497,487,500,496,500,496,513,493,516,487,516,478,528,432,528,429,532,420,527,416,521,413,521,410,505,413,500,426,500,429,497,441,497,444,494,469,494
533,503,533,510,536,513,536,524,527,530,526,532,495,532,486,525,484,522,487,519,490,519,496,513,496,506,503,500,509,500,512,497,527,497
503,557,503,579,496,585,481,585,478,588,429,588,423,585,420,579,420,571,423,568,420,565,426,554,432,551,496,551
521,585,521,603,515,609,503,612,498,617,483,617,480,620,455,620,452,617,440,617,430,611,427,601,426,598,435,588,490,588,503,582,518,582
387,658,390,658,393,661,396,661,407,672,407,688,403,693,378,693,369,686,367,685,367,678,364,675,367,672,367,660,375,652,381,652
