836,4,871,4,895,16,924,24,925,25,927,32,927,34,911,66,908,67,889,69,888,69,842,48,796,36,789,31,788,28,788,21,798,3,800,2,822,0
819,80,829,80,848,90,860,92,867,97,867,116,862,118,841,111,817,99,788,92,782,86,780,79,787,68,793,68
792,92,825,102,837,109,866,118,868,121,868,131,864,138,847,135,828,126,813,123,780,106,775,106,772,105,768,96,775,85,782,85
759,99,762,99,766,104,769,104,774,109,781,109,783,111,786,111,790,116,792,118,789,121,789,126,787,128,772,128,770,126,765,126,763,123,756,123,753,121,748,121,743,116,743,104,746,102,746,99,750,99,752,97,757,97
800,118,802,118,804,120,804,122,806,125,806,129,804,132,804,137,802,138,793,138,790,135,788,135,782,129,782,127,787,122,787,120,790,116,798,116
823,126,828,126,835,131,840,131,849,135,854,140,861,140,864,143,864,152,861,155,854,155,850,151,847,155,842,155,828,147,818,147,816,145,811,145,799,138,799,131,801,125,818,125,820,123
778,131,786,131,800,138,812,138,822,145,834,150,838,157,840,158,837,163,832,163,830,165,794,151,780,149,778,150,764,143,762,138,762,128,766,126
257,250,260,252,265,259,266,262,264,348,262,352,252,359,248,360,203,353,157,355,131,348,78,350,75,349,74,346,76,252,79,248,88,241,91,240,161,237
348,266,475,302,479,304,480,307,480,355,473,387,472,390,469,391,457,396,455,396,371,372,284,362,281,359,276,340,276,338,283,266,284,263,288,262
118,381,116,378,82,378,78,373,78,362,82,350,84,349,125,352,127,354,156,354,161,356,162,356,164,361,164,378,162,381,133,381,131,378,126,378,121,381
307,408,341,435,343,436,367,474,382,510,382,512,379,533,378,536,354,545,352,545,342,540,341,538,334,496,299,456,253,442,176,449,175,448,163,414,163,412,164,411,186,401,236,394,237,394
167,450,169,457,169,460,152,479,145,496,143,510,137,516,129,516,115,509,105,500,105,485,115,461,129,442,131,441,138,436,150,436
472,462,472,468,474,471,472,473,469,483,455,497,455,498,450,501,438,501,436,503,421,503,419,506,409,506,405,501,402,496,402,484,409,477,431,472,438,467,450,465,457,460,469,460
462,496,462,506,460,508,460,513,453,520,438,527,421,530,419,532,407,532,402,525,402,508,409,498,414,496,436,496,448,489,457,489
167,551,176,551,179,554,191,554,193,556,198,556,200,558,200,580,198,582,198,585,195,585,193,582,191,582,186,578,174,578,167,573,159,573,155,568,155,551,157,549,164,549
284,568,310,568,314,570,317,578,318,579,313,591,312,592,295,592,254,582,247,585,230,580,209,580,199,573,198,572,198,560,200,556,219,556
186,573,193,573,195,575,198,575,205,582,205,590,200,594,179,594,174,590,174,582,171,580,171,573,174,570,183,570
229,582,243,582,246,585,272,585,275,587,284,587,289,592,289,599,286,606,281,609,278,606,264,606,262,604,230,602,228,599,204,594,200,591,200,584,203,580,227,580
360,582,361,582,366,590,366,599,344,635,318,655,301,662,299,662,287,643,287,635,294,628,308,621,323,606,332,587,342,578,350,578
132,548,134,549,161,611,174,625,198,634,253,644,253,645,258,655,256,674,256,676,254,677,237,680,211,675,153,653,152,652,121,609,106,568,105,567,108,555,109,554,121,546,122,545
287,644,287,646,289,649,289,651,292,653,292,663,286,669,278,669,276,671,269,671,263,665,263,644,266,640,283,640
781,840,783,841,790,850,790,854,778,893,776,894,759,896,758,896,700,872,626,858,520,829,512,820,512,818,526,787,528,784,548,784
677,885,721,900,754,902,756,903,758,913,751,927,750,929,737,929,728,924,663,914,598,897,591,893,590,891,590,877,591,876,615,873
737,949,771,951,774,953,778,960,778,962,766,986,766,993,764,995,747,997,706,990,649,973,646,972,646,944,651,931,653,930,663,930
941,962,962,962,965,960,969,960,977,965,979,966,979,975,977,980,975,981,920,981,918,979,911,979,907,975,907,963,909,960,938,960
