404,124,433,124,434,123,488,136,494,142,494,156,492,160,490,162,482,164,442,154,375,152,369,146,371,125,372,124,380,120
353,122,360,126,361,127,363,148,357,154,312,158,275,168,261,168,260,167,250,149,250,141,251,140,302,127,336,125,352,121
460,160,509,176,515,182,513,199,511,200,501,202,482,193,430,183,375,181,374,181,369,176,369,162,377,154
351,161,351,162,349,182,348,183,290,193,257,208,248,208,242,202,240,191,240,189,244,185,282,169,343,157,345,157
396,183,404,189,405,190,405,207,399,213,340,215,298,227,290,225,288,223,288,217,281,207,281,203,289,196,343,185,344,184,395,182
425,191,427,191,429,192,429,205,426,207,426,209,425,210,421,210,419,208,413,208,410,205,410,203,408,201,408,197,410,195,410,192,413,189,423,189
521,207,563,228,563,229,559,249,551,260,550,262,548,262,491,233,457,223,435,223,429,213,427,211,427,195,434,188,450,188
395,216,418,216,426,224,426,225,424,237,419,242,411,240,365,240,332,246,327,241,325,223,325,222,329,218,341,216,363,216,377,212,389,212
275,207,277,209,277,221,281,229,276,234,266,236,232,252,207,269,205,269,192,255,190,241,191,240,220,220,238,212,248,212,264,206,265,205
579,273,577,271,566,271,558,277,552,277,548,271,548,267,546,265,546,263,548,261,548,258,550,258,552,256,595,256,597,258,597,269,593,273,587,273,585,271,583,271,581,273
595,266,595,278,590,283,586,283,584,285,580,285,578,283,576,283,574,285,569,285,567,287,559,287,553,283,552,282,552,278,550,276,550,270,552,268,552,266,553,265,559,265,561,267,584,267,590,263,592,263
593,276,593,278,595,280,593,282,593,284,586,291,582,291,576,295,563,295,561,293,559,293,555,297,554,296,554,294,552,292,556,286,556,282,560,278,560,276,568,276,570,275,573,277,575,277,577,275,591,275
592,287,594,287,599,292,599,302,596,305,578,305,574,301,572,301,570,300,570,294,574,291,576,291,578,289,580,289,582,287,586,287,588,285,590,285
582,302,586,302,588,304,594,304,594,309,592,309,588,313,586,313,584,315,580,315,578,317,569,317,567,315,557,315,552,310,552,306,555,304,559,304,561,302,563,302,565,300,580,300
