529,185,553,189,564,200,564,213,561,219,561,221,555,224,543,224,527,218,506,218,490,227,466,227,463,231,460,231,447,224,444,208,444,205,447,198,484,182,526,182
1110,189,1112,189,1121,202,1121,205,1115,214,1113,214,1092,211,1067,221,1024,214,1006,227,996,221,950,221,940,210,940,200,952,190,953,189,996,185,1012,179
776,234,776,240,780,244,780,266,776,269,746,269,743,273,721,273,718,276,693,279,690,279,681,269,681,258,690,235,690,234,706,227,715,227,718,224,746,224,749,221,764,221
718,294,718,310,715,313,715,319,710,324,707,324,704,328,689,328,686,324,676,324,675,323,675,319,672,316,672,307,675,303,675,294,680,289,695,289,698,286,710,286
1100,298,1112,308,1113,310,1113,339,1104,349,975,349,969,352,956,342,953,339,953,313,958,303,967,300,970,302,972,303,975,300,1098,297
520,353,523,353,533,365,533,368,536,371,536,378,535,379,532,379,529,383,489,383,484,378,484,355,486,353,489,353,492,350,516,350
795,402,826,405,838,412,844,418,844,431,835,444,818,444,815,441,792,441,786,431,766,431,753,447,726,447,723,450,713,444,712,442,709,416,709,415,718,408,755,399,792,399
829,415,838,420,841,426,835,439,816,439,795,449,746,449,744,450,726,441,726,437,724,434,733,428,749,421,780,421,786,418,792,421,795,418,801,418,807,412
530,418,549,421,552,425,592,428,595,431,595,447,592,454,563,454,560,457,538,457,535,460,510,463,492,450,490,447,496,441,496,428,500,421,509,415,527,415
293,675,296,685,296,686,295,688,296,690,296,702,293,709,292,709,236,706,233,709,181,709,180,707,180,680,192,673,250,677,253,673,284,670
363,670,372,670,380,678,380,685,376,688,376,694,373,701,373,702,367,706,361,706,358,709,306,709,300,696,300,686,307,670,341,670,344,667,360,667
