656,249,690,249,693,252,709,252,712,255,712,268,704,284,692,284,680,278,655,278,652,274,640,274,636,278,627,271,626,270,626,250,629,245,653,245
621,249,623,250,623,273,618,278,566,281,520,297,501,297,493,289,493,273,498,268,532,258,541,252,581,249,584,245,609,245,612,242
744,265,760,268,803,290,810,298,810,315,806,319,793,319,766,303,756,303,738,294,729,294,716,284,715,282,718,260,720,258,735,258
541,361,544,361,552,369,552,376,555,379,555,388,553,390,550,390,547,393,516,393,513,390,510,390,509,388,509,366,520,358,538,358
589,369,589,392,587,393,584,393,581,396,575,396,572,393,563,393,555,385,555,366,556,364,560,364,563,361,581,361
601,393,595,387,595,368,598,364,644,368,647,364,666,364,684,371,712,371,718,377,718,390,715,393,644,393,641,390,620,390,616,393
809,374,810,376,810,401,804,405,803,406,793,406,790,403,729,403,710,390,709,387,710,385,706,377,707,374,720,368,781,371,784,368,800,368
652,393,695,393,698,396,707,396,710,393,716,393,726,400,727,401,727,411,723,416,701,416,698,419,636,416,633,419,627,419,624,416,612,416,607,411,607,395,615,390,649,390
616,416,687,416,693,419,696,425,696,438,692,448,661,448,658,445,587,445,581,435,580,433,580,424,592,413,613,413
756,422,758,424,758,440,750,448,704,448,696,440,696,427,704,419,729,419,732,416,747,416
