233,49,250,54,250,54,252,58,252,67,251,68,245,68,222,61,207,61,202,57,204,51,207,49,208,48
201,49,205,49,207,50,210,53,210,54,208,55,210,57,210,58,204,62,193,62,192,63,187,63,186,65,180,65,177,61,177,53,178,52,180,50,191,50,192,49,198,49,200,48,200,48
175,55,179,62,179,63,176,68,176,68,164,72,138,86,121,104,116,104,110,100,109,99,109,94,136,68,166,55,166,55,175,55
227,73,228,75,230,93,230,94,223,97,174,98,173,98,170,97,170,96,170,76,170,75,176,72,223,71,224,71
290,79,291,80,311,101,323,135,323,135,323,145,323,145,318,149,311,149,307,143,305,125,294,104,282,91,266,80,264,74,264,73,269,67,270,66,273,66
276,89,277,90,283,96,283,97,283,117,283,118,275,124,200,124,147,129,146,128,141,124,141,123,138,91,139,90,140,89,165,87,166,87,175,95,219,94,234,86,235,86
117,107,117,112,110,124,102,152,102,152,99,155,98,155,95,154,91,150,91,138,94,124,101,110,106,104,107,103,110,103
217,124,218,124,220,128,220,147,219,148,216,148,215,150,202,150,201,151,198,151,191,146,190,145,190,128,194,125,196,125,197,124,205,124,207,123,215,123
326,157,323,180,313,203,308,208,305,208,297,202,297,201,295,198,295,197,308,171,311,156,315,152,321,152
104,162,113,192,122,205,145,226,145,227,139,240,138,240,122,229,105,210,93,175,93,174,92,162,92,162,95,159,101,159
288,176,289,176,295,182,295,192,277,218,276,219,252,230,241,234,239,234,235,232,234,231,226,213,226,212,228,209,229,208,257,199,267,184,279,176,280,175
144,183,161,199,175,205,197,211,220,210,226,216,231,234,230,236,230,236,222,240,221,240,191,240,165,234,164,234,123,205,123,203,123,195,123,194,134,183,135,183,142,183
305,210,305,210,305,215,305,216,295,223,280,239,257,250,243,254,242,255,238,254,236,253,234,242,237,239,252,234,267,227,275,222,291,205,297,204,298,204
154,231,157,231,161,235,161,240,160,241,160,243,155,247,151,247,150,246,146,246,141,241,141,240,142,239,142,236,143,235,143,233,145,229,146,229,151,229
196,246,211,246,229,243,232,244,232,244,233,256,233,257,192,260,164,253,159,251,158,250,157,247,161,238,161,238
