590,37,590,39,586,70,584,72,520,79,352,75,350,75,350,73,342,44,342,42,344,41,438,31,582,31
660,35,661,34,663,34,664,35,702,35,708,41,708,60,707,61,699,67,698,68,642,66,606,70,600,64,600,41,606,35,656,35,657,34,659,34
334,43,334,68,328,75,202,77,194,68,196,50,197,48,203,44,331,42,333,41
565,116,569,118,675,237,676,241,674,302,673,307,661,319,657,320,653,320,511,233,413,222,351,245,230,340,227,341,223,341,221,340,213,332,212,327,214,206,216,201,272,146,273,145,349,104,351,104,443,95,445,95
456,243,522,266,524,267,523,269,499,294,497,295,455,281,431,279,401,289,361,314,355,314,353,313,339,296,338,294,339,293,379,262,427,241,428,241
339,315,347,317,351,321,353,332,353,334,347,346,337,357,333,369,327,376,327,377,321,379,311,373,304,366,302,358,310,333,311,332,315,326,315,321,319,315,319,311,327,305,329,305
538,280,580,346,594,411,594,413,560,476,536,505,535,506,517,514,514,513,500,492,500,490,540,438,552,405,550,385,512,308,512,307,534,280,536,279
322,381,328,387,336,437,348,458,373,486,374,488,366,503,356,511,354,512,353,511,311,465,299,419,298,418,298,389,308,379
446,493,448,493,450,495,450,502,446,506,434,506,432,508,430,506,426,506,424,504,424,502,422,500,422,495,426,491,444,491
433,523,441,523,443,521,453,521,455,523,455,536,451,540,449,540,447,542,429,542,427,540,425,540,417,532,417,526,421,521,431,521
