267,263,280,263,283,266,315,266,328,278,335,278,336,281,335,283,336,284,336,287,335,289,336,290,336,300,330,306,314,306,309,304,295,312,285,312,266,303,256,293,240,290,233,278,233,270,240,260,264,260
35,281,38,281,40,283,40,286,43,289,43,298,40,301,40,304,38,306,35,306,32,309,9,309,8,307,8,304,4,301,4,286,8,283,8,280,9,278,32,278
264,307,277,307,293,320,296,320,299,316,299,313,303,313,306,310,320,310,320,316,324,320,315,327,306,327,296,321,286,330,248,330,245,327,241,327,241,326,245,323,245,316,254,307,257,307,261,304
335,306,348,306,357,318,359,320,359,332,354,336,341,336,338,333,306,333,303,330,293,330,290,327,280,327,278,326,278,316,296,309,303,303,332,303
195,327,233,327,236,330,236,346,224,358,220,358,217,361,191,361,188,358,162,358,159,355,159,330,169,324,191,324
78,332,78,350,75,353,75,356,74,358,70,358,67,361,61,361,58,358,32,358,29,361,25,361,16,355,14,353,14,341,22,333,29,333,32,330,45,330,48,327,58,327,61,324,70,324
266,361,340,364,349,370,349,372,346,403,341,407,328,407,325,404,303,404,299,401,238,401,230,393,230,363,233,358,262,358
469,376,478,376,482,380,501,380,504,383,511,383,511,404,501,416,499,420,493,416,493,410,486,404,480,404,477,401,473,404,454,407,422,389,422,380,420,376,423,373,465,373
417,386,427,386,430,389,436,389,440,392,440,401,443,404,443,413,436,420,423,420,420,416,404,416,401,413,378,413,369,407,369,386,372,383,414,383
436,384,436,387,441,392,448,389,461,389,464,392,477,392,480,395,506,395,511,400,511,424,498,427,494,429,491,426,482,426,478,423,456,423,446,416,443,410,443,401,440,398,430,398,423,392,420,392,420,386,427,380
82,387,82,389,95,404,96,406,96,443,91,452,75,458,40,461,20,467,17,467,8,461,6,458,6,424,3,421,6,409,25,390,27,387,37,384,49,384,53,381,56,383,58,384,59,383,62,381
617,447,636,447,640,450,659,450,662,453,698,456,704,460,707,466,707,487,701,500,683,500,657,490,638,490,635,487,602,484,601,484,594,475,594,453,598,447,599,447,612,444,614,444
77,460,83,460,85,461,88,467,88,486,78,492,77,493,35,496,32,500,19,500,16,503,6,503,1,498,1,473,8,470,9,469,35,466,38,463,54,463,58,460,70,460,74,456
274,584,264,572,262,569,256,523,257,520,274,507,275,506,327,493,427,484,430,484,559,521,562,526,562,544,561,546,540,586,536,586,443,564,409,564,277,586
623,510,652,510,688,523,698,532,699,535,696,569,694,570,685,576,683,578,640,566,623,572,591,572,586,570,580,558,580,546,581,543,583,541,586,513,588,512,598,506,604,506,607,504
451,567,461,567,464,570,467,570,475,578,475,581,472,584,472,590,467,595,451,595,448,598,438,592,425,592,423,593,423,596,427,600,422,604,419,604,414,600,414,590,407,581,407,569,409,567,412,567,415,564,448,564
411,580,414,581,414,596,411,603,409,604,383,604,380,601,374,601,370,604,335,604,332,607,319,607,311,600,311,587,320,580,356,576,359,573,404,573
420,573,427,573,430,576,433,576,436,580,446,580,448,581,449,580,465,580,469,583,469,607,465,610,465,613,462,613,459,616,446,616,443,613,427,613,423,610,414,610,411,607,407,607,404,604,404,576,411,570,417,570
633,695,643,704,644,707,644,735,651,750,651,763,648,766,648,784,628,803,596,800,583,790,580,787,583,741,586,738,586,707,585,706,585,703,586,701,585,700,583,696,590,684,594,683
269,783,266,780,259,780,253,773,253,758,256,755,256,749,253,746,253,736,256,733,298,733,301,736,311,736,317,746,317,755,330,770,330,773,327,776,317,776,314,773,311,773,295,783
581,869,572,860,572,838,581,829,588,829,591,832,617,835,627,841,636,841,649,847,656,853,659,869,652,878,651,881,644,884,631,884,627,880,628,878,631,876,627,872,614,869,610,866,594,866,591,869
598,856,614,856,617,860,649,860,656,869,656,872,652,875,652,881,643,890,578,890,572,881,572,872,575,869,575,853,578,850,585,850
691,860,727,860,730,863,739,863,768,875,785,875,794,881,794,893,791,896,781,896,762,887,749,887,743,890,723,884,710,884,694,875,675,875,665,870,665,861,669,856,688,856
288,912,285,912,278,906,285,892,291,892,298,886,311,886,314,884,320,890,343,890,356,896,369,896,375,903,375,912,378,915,372,924,370,927,322,921,303,912,301,909,304,906,304,903,298,896,295,896,288,903
731,904,767,907,777,916,777,938,770,966,760,975,686,966,644,953,641,950,638,932,641,929,638,926,644,895,648,892,664,889
622,918,625,918,628,915,635,915,643,923,643,941,636,950,635,952,619,952,615,949,602,949,594,941,594,929,598,926,598,923,606,915,619,915
