911,315,915,315,965,347,969,353,969,355,957,473,955,479,948,481,705,442,642,450,569,489,567,489,436,513,428,511,382,471,380,467,357,392,357,386,359,384,398,353,401,351,578,296,580,296
1094,430,1111,448,1115,459,1115,463,1080,530,1076,532,1075,532,1017,497,963,473,961,469,957,450,957,446,961,442,961,414,978,378,1005,378
488,548,492,548,492,552,496,611,496,613,492,621,488,623,161,603,159,603,148,596,146,592,150,525,151,521,153,521,223,517
665,568,761,572,796,584,800,588,800,596,798,598,786,613,782,645,780,647,600,635,588,627,584,623,588,576,586,574,586,570,600,556
830,578,842,578,848,584,851,600,851,601,848,605,848,645,844,649,844,657,836,661,817,661,813,657,798,657,794,653,786,653,778,645,775,637,775,633,778,629,778,586,786,578,811,578,815,574,826,574
911,588,1057,600,1059,600,1071,607,1073,611,1076,663,1065,675,873,655,869,653,861,641,861,639,865,623,853,590,855,586,857,584,884,580
1292,623,1307,635,1311,639,1311,671,1303,682,1300,686,1280,686,1276,682,1111,675,1107,671,1103,623,1105,621,1113,609,1115,607
551,765,555,773,555,775,551,779,551,803,548,807,486,803,482,807,471,807,467,811,455,811,448,815,444,815,436,807,436,775,438,771,446,767,480,767,484,763,550,763
544,803,544,830,542,834,534,838,488,838,484,842,457,842,453,838,446,838,444,836,440,817,448,803,455,803,459,799,540,799
498,850,505,850,513,858,513,862,517,866,517,886,515,890,476,890,467,880,467,876,471,872,471,860,478,850,482,850,486,846,494,846
513,892,521,903,521,915,513,927,511,929,503,929,500,933,496,929,492,933,484,933,480,929,473,929,463,919,463,900,471,890,509,890
555,931,555,963,550,969,430,969,425,963,428,935,438,925,503,929,519,921,546,921
