571,63,571,109,578,123,567,134,472,138,359,152,355,151,355,123,345,90,347,87,357,80,389,80,458,65,567,61
851,72,868,69,927,83,950,83,961,89,961,90,954,149,950,152,930,156,872,141,786,138,785,138,774,131,773,127,773,80,786,65
336,94,338,98,342,152,342,156,335,163,331,163,188,192,58,247,54,245,30,191,30,187,37,172,39,171,179,116,309,87,312,87
1137,123,1263,174,1265,174,1275,185,1275,189,1269,243,1265,247,1248,251,1246,251,1110,192,976,163,974,160,981,101,983,98,1000,90,1003,90
179,238,213,238,217,234,227,234,230,238,241,238,244,242,244,267,234,278,227,274,159,274,155,271,155,242,165,234,176,234
345,242,345,267,347,271,343,274,247,274,244,271,244,242,247,238,338,238
549,245,549,269,540,278,366,274,360,269,360,242,367,238,538,238
694,249,696,251,696,265,687,274,557,278,550,274,549,272,549,243,550,242,684,242
761,242,764,242,764,274,761,278,709,278,702,271,702,245,706,242,726,242,730,238,757,238
897,245,897,274,894,278,839,278,836,282,788,278,786,278,779,274,779,252,778,249,785,242,894,242
1086,282,1079,271,1079,245,1082,242,1168,242,1175,252,1175,267,1171,271,1171,278,1164,282,1116,282,1113,278,1103,278,1099,282
949,245,957,242,959,242,962,245,1075,245,1079,249,1079,278,1075,282,937,282,913,274,911,272,911,251,918,242,945,242
983,318,993,318,1000,325,1000,329,986,343,938,343,935,340,928,340,915,351,891,351,870,340,863,333,867,320,873,316,887,316,891,314,894,318,925,318,935,325,942,325,956,318,980,314
968,504,974,504,985,511,986,513,986,527,981,533,933,533,923,525,921,524,921,505,923,504,927,504,930,500,964,500
