115,172,127,176,128,176,135,182,135,190,128,199,127,199,117,197,103,188,83,188,73,193,67,193,60,184,59,183,59,175,60,174,81,165,105,165
49,236,47,236,41,230,35,209,35,207,43,201,66,197,67,196,87,200,123,200,148,212,154,219,154,225,146,244,144,246,127,244,99,227,83,229,74,234
100,226,106,226,112,232,112,245,108,249,88,249,86,247,80,247,78,245,76,245,72,241,72,232,78,226,80,226,82,224,98,224
587,217,589,218,589,219,585,248,583,250,582,250,556,248,472,260,431,283,384,323,382,323,362,304,361,301,365,289,366,288,431,237,460,223,512,214,513,214
25,247,29,247,29,249,31,251,33,251,33,257,35,259,35,274,34,276,32,276,30,278,8,278,6,280,1,275,1,248,5,243,19,243
735,244,736,244,799,298,825,329,826,331,824,344,823,346,811,356,810,356,800,354,798,353,773,320,716,275,667,260,618,254,617,252,617,223,619,221,635,219
85,247,132,247,180,253,182,254,186,258,187,260,187,292,186,293,182,299,180,301,101,301,40,291,39,290,19,277,17,274,21,253,16,245,15,243,16,242,26,233,28,232,38,232
195,264,197,264,204,271,204,277,206,279,204,281,204,285,201,289,199,289,197,291,192,291,190,293,186,293,181,288,181,281,179,279,179,273,181,271,181,267,186,261,192,261
495,342,505,346,506,347,511,354,518,349,529,349,531,353,531,355,525,368,524,369,503,369,487,379,463,377,455,373,416,371,410,367,408,365,410,346,411,345,419,339,429,337,430,336
765,361,771,367,771,381,767,390,765,392,741,394,721,390,706,394,688,386,639,386,628,374,628,372,631,367,629,365,619,365,614,381,608,386,607,388,605,386,605,356,607,354,686,352
289,391,287,389,279,389,277,387,269,387,269,370,271,368,277,368,278,369,279,368,289,368,291,370,309,370,311,372,317,372,319,374,328,374,332,378,332,389,330,391,303,391,301,389,297,389,295,391
627,387,645,380,682,380,690,385,710,385,713,388,709,402,699,409,698,410,664,410,650,405,607,403,604,400,606,379,607,378,615,378
599,444,658,442,659,442,665,446,666,448,666,480,665,482,653,486,624,482,518,482,504,475,503,473,501,448,501,446,509,438,511,438
674,549,688,549,691,553,691,565,690,566,674,568,668,572,647,570,643,574,641,572,639,574,629,568,625,568,615,577,609,574,608,574,604,568,604,566,608,560,608,549,622,545,660,545
676,570,684,570,685,571,687,576,687,582,686,583,666,583,656,587,637,587,635,591,625,589,623,591,611,591,607,589,606,588,606,578,604,573,605,572,617,568,643,566,645,564,666,564
502,570,508,570,514,566,521,570,527,570,531,574,543,574,561,589,567,587,569,587,575,595,571,602,570,604,558,604,550,595,536,595,528,600,511,595,505,589,501,581,491,579,489,572,488,570,492,564,498,564
669,576,667,580,663,582,663,588,659,596,626,594,622,598,622,603,616,605,615,606,611,604,611,600,607,593,609,585,609,583,613,581,643,581,645,579,650,579,656,572,666,572
657,590,659,596,657,598,667,609,669,609,679,596,681,595,685,600,685,608,684,610,670,610,664,618,643,620,641,618,631,618,625,614,615,614,607,602,607,600,613,595,619,595,625,600,641,602,656,589
524,608,530,608,536,612,537,613,537,619,533,624,529,626,528,627,524,627,522,629,483,629,480,626,480,615,486,607,487,606,522,606
539,610,553,610,555,612,571,610,575,614,575,625,574,627,570,629,515,629,513,627,507,627,503,625,502,622,508,616,510,608,537,608
