331,32,345,30,347,30,350,34,350,45,346,50,316,51,312,50,307,52,273,51,269,47,268,40,267,40,269,32,269,32,274,29
237,49,236,50,233,50,232,52,230,52,226,49,226,35,229,30,230,30,232,29,241,29,243,30,248,30,250,32,253,32,254,33,254,47,253,49,248,49,247,47,243,47,241,49
120,29,122,29,122,30,122,45,121,47,121,48,114,55,113,55,112,56,109,56,107,57,106,57,105,56,103,56,100,52,100,51,100,48,101,47,101,44,105,37,105,35,108,32,108,31,112,28,113,27,119,27
343,47,346,47,349,50,349,52,348,55,345,57,344,57,335,56,333,57,332,56,330,57,323,57,322,56,316,56,315,55,314,56,312,55,312,51,314,50,315,51,316,50,321,50,325,47,340,47,342,45
314,80,350,80,351,80,354,85,354,100,351,102,307,102,304,101,303,100,302,97,302,83,303,80,306,79,307,78,312,78
91,137,91,122,93,120,93,119,98,116,108,116,110,115,118,115,121,116,122,119,122,135,121,137,119,137,117,140,110,140,108,142,101,142,100,140,94,140
312,142,302,135,301,134,298,124,299,123,302,119,302,118,346,118,350,117,354,120,356,121,356,137,354,140,353,141,343,141,342,142,341,142,338,140,323,140,321,142
352,168,352,170,354,171,354,181,351,183,350,183,349,185,335,185,333,182,333,180,334,178,334,175,335,174,335,171,339,167,342,167,343,166,350,166
175,256,177,260,177,261,175,268,175,269,158,270,138,276,120,286,117,286,110,277,110,272,112,269,138,257,170,253,171,253
111,283,114,289,114,290,112,293,97,305,83,322,82,322,74,322,67,315,67,310,78,292,79,292,96,279,104,277,105,277
183,340,201,340,204,342,204,352,201,356,198,357,176,357,175,356,164,356,163,353,163,346,164,345,164,342,168,339,181,339
305,375,305,375,306,382,302,392,302,395,295,408,295,409,289,416,286,416,279,412,278,412,274,406,274,405,283,385,283,377,286,370,295,370
286,416,286,423,285,425,285,426,275,436,268,436,267,435,265,435,265,433,264,432,262,432,262,430,260,427,260,422,261,420,261,419,269,410,269,409,274,407,275,407
268,437,268,443,264,447,260,449,251,456,232,465,226,465,225,463,225,460,219,450,220,445,221,445,231,443,235,440,238,440,248,435,256,427,260,427
158,447,168,451,199,451,213,447,220,454,222,465,221,467,193,472,172,474,133,465,132,465,128,462,127,461,127,457,135,443,136,442
