128,36,128,45,135,53,144,49,184,49,201,62,203,65,191,74,139,71,111,92,87,89,85,89,82,86,82,72,90,57,113,36,115,34,126,34
253,80,255,81,258,90,261,93,261,121,253,128,239,128,232,121,226,99,212,81,212,75,223,60,225,59,236,59
155,74,158,74,160,75,160,78,162,81,162,90,155,98,152,98,150,101,141,101,138,98,135,98,131,93,131,78,135,74,138,74,141,71,152,71
187,65,188,66,188,72,190,74,207,74,212,78,212,90,209,93,209,99,200,106,199,107,187,104,181,98,181,77,175,71,170,71,158,77,141,95,135,89,135,80,150,74,161,59,175,59
108,96,111,124,116,136,126,149,129,149,148,169,145,184,137,193,134,195,105,180,85,155,76,128,76,109,79,99,86,92,103,92
258,137,261,139,261,148,255,160,225,192,204,201,161,201,147,195,145,193,145,174,151,171,188,174,206,168,223,149,226,140,237,131,249,131
726,330,778,330,784,333,786,334,788,340,786,361,788,364,788,380,783,383,745,383,744,381,706,381,700,375,700,336,709,327,724,327
920,339,925,378,917,387,801,384,793,380,790,371,790,368,793,360,790,357,790,336,796,330,902,333,911,330
936,334,987,334,993,343,993,368,996,374,996,377,990,386,944,386,941,389,940,389,928,386,927,386,924,380,924,352,921,349,921,337,930,331,933,331
425,390,425,393,428,396,428,408,419,414,418,416,409,416,406,413,403,416,400,413,398,416,395,413,369,413,360,401,359,399,359,393,362,389,422,389
488,392,491,392,491,410,488,413,474,413,471,416,439,416,437,413,431,413,425,407,425,392,428,389,486,389
1195,439,1195,463,1191,467,1174,467,1169,463,1169,448,1172,445,1172,436,1174,434,1176,434,1179,431,1188,431
