284,45,303,52,304,53,304,61,300,71,295,76,293,77,276,71,263,69,241,78,235,78,233,77,224,60,225,58,244,45,258,42,259,42
430,82,409,82,407,80,406,64,406,63,409,60,419,60,420,61,451,61,452,60,464,60,467,63,467,75,463,81,462,82,455,82,454,80,432,80
123,59,137,61,138,61,140,64,140,78,138,83,137,83,133,86,96,88,95,88,91,87,91,86,88,82,88,72,86,67,86,66,91,60,91,59,115,59,116,58,122,58
389,62,390,61,391,61,393,63,397,63,398,61,400,61,401,62,401,61,403,61,407,64,409,79,409,80,407,82,390,82,388,83,387,83,386,83,385,83,374,83,372,82,372,63,375,61,388,61
233,83,233,85,230,93,220,110,221,140,220,141,206,148,205,148,196,147,195,146,192,139,188,117,188,102,198,80,210,68,215,67,217,67
418,96,419,97,419,106,417,107,417,113,416,115,416,116,415,117,401,117,398,115,398,109,397,107,397,101,398,100,398,99,399,98,402,98,403,96,412,96,414,95
438,95,441,95,444,97,444,99,445,100,445,112,442,116,441,117,436,117,434,115,417,115,416,115,416,99,418,96,420,96,421,95,434,95,436,93,437,93
463,94,487,94,487,95,492,101,492,112,486,117,476,117,474,118,448,118,445,114,445,96,449,93,462,93
82,98,113,99,123,102,124,104,124,110,130,114,130,115,129,115,97,117,96,118,67,118,63,114,63,98,64,96,80,96
366,99,391,99,394,98,395,98,398,101,398,114,397,117,394,118,389,118,387,117,366,117,364,118,355,120,352,116,349,109,349,99,350,98,365,98
159,103,161,113,159,118,158,118,105,118,88,114,88,112,89,110,87,104,86,105,82,103,78,109,86,114,86,115,74,115,68,112,67,112,67,103,68,102,97,98,154,98
340,139,340,146,339,147,339,150,334,158,334,159,327,166,321,166,318,163,318,162,317,161,317,158,323,150,325,143,325,142,330,137,339,137
201,244,247,246,252,250,252,268,247,272,237,271,215,273,175,271,173,270,170,265,170,246,175,241
137,249,139,249,140,251,140,257,139,258,139,262,137,264,137,265,136,265,134,267,131,267,130,268,120,268,118,267,117,267,114,264,114,251,117,248,136,248
347,260,349,260,349,261,350,262,350,268,349,270,349,273,344,276,340,276,339,274,327,274,323,270,323,262,324,261,324,260,325,260,327,258,346,258
433,259,433,269,435,271,435,273,433,276,433,277,420,277,418,279,417,277,415,279,414,277,412,279,409,279,408,277,404,277,403,274,403,270,401,268,401,261,404,258,432,258
