744,21,775,30,776,32,776,48,784,43,784,33,790,33,792,35,792,51,810,58,792,61,790,63,760,56,753,50,732,53,723,46,652,43,593,24,593,21,640,11
569,27,584,27,590,33,606,33,612,40,627,40,629,42,632,54,627,59,621,59,615,56,613,54,613,45,612,43,606,43,604,45,607,51,610,51,609,53,590,53,587,56,578,56,575,53,553,53,547,50,546,48,546,32,560,24,566,24
652,45,658,45,661,48,704,48,707,51,710,51,710,54,701,64,698,64,695,67,661,67,658,64,652,64,649,61,643,61,636,54,633,45,636,42,649,42
724,75,721,72,700,72,687,63,687,59,689,56,704,43,732,43,747,56,763,56,766,59,775,59,784,66,786,67,783,74,770,74,767,75,764,72,730,72,727,75
612,182,686,189,738,185,740,187,740,216,727,223,724,223,716,205,704,208,683,227,670,227,661,218,643,211,581,214,580,213,576,177,578,176,590,172
426,211,426,226,420,239,418,240,393,247,378,266,372,266,356,276,344,276,338,273,336,271,336,245,340,239,340,237,367,214,373,214,383,208,392,208,395,205,420,205
433,256,424,250,415,250,413,248,420,229,420,213,423,208,436,208,455,214,489,234,507,256,509,258,509,274,504,279,489,279,486,276,464,276,452,266,450,265,450,252,447,256
127,298,121,289,118,263,118,260,133,247,158,250,161,247,183,247,186,250,192,250,195,247,204,247,213,253,213,277,198,300,196,302,189,302,184,294,180,295,176,302,161,302,155,295,140,295,136,298
369,269,387,269,389,271,392,277,392,290,376,300,375,302,350,302,344,298,336,303,336,310,340,313,340,323,336,324,330,318,330,315,333,311,333,302,327,289,327,269,335,266,366,266
873,273,876,279,873,305,876,308,876,328,875,331,861,345,818,352,815,349,809,349,801,340,795,328,793,326,793,290,806,277,824,274,827,271,840,271,843,268,864,268
360,286,369,279,387,279,389,281,389,287,380,297,380,319,373,329,373,336,366,344,350,344,344,347,332,337,330,336,330,329,327,326,327,300,336,281,338,279,347,279
483,279,484,281,484,284,493,294,498,297,498,295,507,295,515,303,515,316,518,319,518,336,512,345,510,347,489,350,476,340,475,339,472,332,472,310,469,307,469,297,466,294,466,282,472,276
198,324,201,324,210,337,210,363,207,370,196,370,190,373,187,370,147,370,143,365,143,349,146,345,146,339,149,332,149,331,161,324,170,324,173,321,192,321
647,337,653,337,660,344,663,344,666,347,669,347,669,350,672,353,672,357,669,360,669,363,666,363,663,366,644,366,641,363,635,363,626,353,626,350,623,347,623,334,626,331,638,331
110,349,107,352,107,355,104,358,92,358,89,362,76,362,73,358,73,355,70,352,73,349,73,345,86,345,89,342,104,342
736,342,736,349,730,358,729,360,726,360,723,363,716,363,713,366,698,366,695,370,689,370,686,366,683,370,670,370,661,363,660,362,660,352,669,345,670,344,695,344,698,340,704,340,707,337,710,337,713,334,729,334
416,363,444,363,463,350,484,347,487,347,490,353,490,376,456,399,447,402,416,402,373,379,367,373,367,353,380,344,383,344
683,412,684,413,684,429,687,433,687,442,683,447,621,447,616,442,616,423,624,415,640,415,643,418,658,418,667,405,680,405
803,412,803,434,793,441,790,437,750,437,747,434,744,437,741,434,732,434,730,433,724,423,723,423,724,425,715,434,706,434,703,433,690,413,695,408,720,412,723,408,778,408,781,405,790,405
956,395,958,397,961,407,967,413,973,426,973,447,967,454,961,454,958,457,949,457,936,463,915,463,912,460,912,431,915,428,918,415,924,408,924,399,933,392,935,392
496,441,500,441,500,444,503,447,503,457,501,460,492,467,464,467,461,470,452,470,449,467,446,467,444,465,444,462,441,458,441,452,447,444,450,444,453,441,460,441,463,437,493,437
195,454,201,479,201,483,195,492,156,492,123,486,113,489,70,489,52,479,50,478,47,465,47,463,60,454,93,454,121,447,164,450,167,447,189,447
1090,457,1090,486,1081,496,1075,499,1044,499,1041,502,1016,502,1010,492,1010,460,1013,457,1060,454,1063,450,1087,450
384,454,387,457,403,457,407,462,410,488,404,500,403,502,375,502,369,505,366,502,360,502,356,499,350,499,347,496,335,492,318,475,318,465,320,463,332,463,335,460,344,460,347,457,360,457,369,450
523,460,526,467,527,468,527,484,518,491,516,492,507,489,504,492,480,492,476,496,449,496,440,489,440,467,486,467,498,460,510,460,516,457
90,483,136,483,164,489,189,489,192,486,195,488,195,497,60,507,58,509,46,499,43,486,41,483,50,473,63,473
1269,476,1275,476,1278,494,1278,496,1275,499,1275,515,1266,525,1213,525,1210,523,1207,510,1204,507,1204,483,1207,479,1226,479,1229,476,1260,476,1263,473,1266,473
1198,489,1198,491,1201,513,1207,525,1206,528,1169,531,1166,534,1106,534,1100,528,1096,499,1096,496,1100,492,1133,492,1136,489,1173,489,1176,486,1192,486
423,526,429,536,429,546,427,547,418,554,375,554,370,549,370,533,376,525,420,525
1224,528,1252,528,1260,536,1260,552,1250,559,1249,560,1218,560,1210,552,1210,539,1207,536,1207,530,1209,528,1212,528,1215,525,1221,525
1273,526,1273,552,1267,559,1264,559,1261,555,1255,555,1255,536,1249,530,1224,530,1221,533,1218,530,1215,530,1218,526,1255,526,1258,523,1270,523
1210,541,1210,549,1203,557,1193,557,1190,560,1166,560,1163,564,1144,564,1141,567,1110,567,1101,570,1092,567,1089,560,1087,559,1090,546,1096,539,1130,539,1133,536,1136,534,1138,536,1140,534,1143,534,1144,536,1146,534,1183,534,1186,531,1204,531
1275,599,1275,631,1273,635,1233,635,1226,627,1226,597,1229,593,1269,593
