431,59,445,61,448,64,448,69,444,75,444,83,442,87,441,89,385,87,381,85,379,83,379,60,380,59,384,58,429,58
369,60,370,62,374,83,369,88,341,93,312,109,310,110,305,108,298,102,293,91,293,84,294,82,323,67,359,58,360,58
498,71,499,72,528,86,530,90,530,91,519,116,515,118,513,118,504,108,490,99,475,93,475,94,464,94,457,87,457,66,459,64,466,62
369,99,399,99,401,100,426,99,428,100,428,125,424,128,365,128,361,125,361,112,358,103,362,97,363,97
429,124,429,122,431,118,431,99,432,99,439,97,440,97,441,99,454,99,456,100,476,100,477,102,477,111,479,113,479,123,476,128,475,129,443,129,441,127,432,127
314,159,299,150,296,150,293,153,293,157,292,158,290,158,285,150,285,141,288,136,290,120,296,116,305,116,311,121,340,119,341,120,350,133,351,133,349,155,344,159,342,159,338,153,331,151,315,159
398,131,438,131,441,136,440,152,440,154,436,158,386,158,384,154,384,133,389,129,396,129
540,127,540,131,542,133,542,150,540,152,540,156,539,159,530,168,515,172,510,169,510,167,513,164,513,160,517,157,517,155,526,146,528,142,528,137,530,135,530,125,535,122
301,144,301,146,302,147,304,147,313,156,315,156,317,158,317,160,319,162,319,166,315,170,307,170,302,166,300,166,297,163,295,163,292,160,292,158,290,157,290,146,294,141,295,140,297,140
343,152,344,153,344,160,340,165,338,165,336,166,333,166,331,168,316,168,315,166,309,166,309,165,313,165,315,164,313,162,315,160,313,158,309,158,309,158,318,158,331,150,336,150,338,149
