593,85,596,88,596,93,589,102,588,102,578,104,563,94,528,95,527,95,522,87,522,80,527,76,534,76,535,74,562,72,564,72
463,65,468,71,469,73,471,109,470,110,465,119,462,121,255,124,254,124,252,121,249,73,249,72,251,70,276,65,460,65
607,99,608,99,621,124,623,145,623,146,621,148,621,157,618,164,613,167,604,167,603,164,599,131,593,118,588,113,589,102,589,101,596,95,604,95
457,129,459,130,464,135,465,137,461,170,461,173,452,180,450,180,260,176,259,175,258,174,258,130,259,127,265,122,267,122
513,180,514,180,520,186,520,191,514,200,513,201,508,201,504,197,503,197,491,185,489,182,488,181,488,177,487,175,487,168,485,167,488,161,489,160,496,160
616,162,616,172,613,181,599,197,583,207,576,209,574,210,571,204,569,196,569,194,574,189,584,183,593,175,594,169,599,164,603,155,611,155
534,194,546,194,547,196,552,196,554,197,554,203,556,204,556,211,552,215,537,215,535,213,530,213,529,211,525,211,524,210,520,210,517,206,517,196,520,192,532,192
447,185,449,186,454,191,455,193,451,228,450,231,435,240,434,240,279,234,277,234,269,229,268,227,268,226,275,182,275,180,277,180
571,197,571,200,572,202,572,205,574,207,572,209,572,211,572,211,570,211,568,213,560,213,558,215,556,215,555,213,553,213,552,212,552,197,553,196,555,196,556,194,568,194
613,377,638,377,645,380,646,384,646,387,646,389,642,389,641,391,605,391,599,385,599,379,603,375,611,375
684,377,695,377,697,379,697,389,696,391,683,391,681,389,673,389,671,391,642,391,640,386,641,384,641,379,645,375,682,375
