155,169,268,175,274,181,276,184,273,218,271,221,252,227,180,227,112,212,48,178,45,175,45,141,56,130,59,129
144,250,147,253,160,253,163,256,183,256,189,260,196,269,197,270,197,296,191,300,181,300,168,293,139,290,126,284,123,284,110,272,110,263,107,260,107,256,110,253,110,247
284,395,281,407,261,426,249,453,184,552,183,555,170,561,168,560,165,547,194,498,204,464,236,427,252,396,263,386,276,386
416,492,467,486,570,455,573,455,575,458,585,498,583,501,503,535,406,544,403,544,284,510,282,509,266,490,266,487,279,453,282,452,284,452
585,507,588,510,591,544,580,555,480,592,478,593,388,587,385,586,379,576,376,543,376,540,379,538,459,541,530,523,572,501
170,598,176,610,189,623,196,638,208,647,208,650,231,672,231,684,233,687,226,693,220,693,210,687,207,687,197,675,175,660,162,641,162,635,149,613,149,607,155,598,157,595
689,607,689,613,692,616,692,638,689,641,689,647,686,650,686,653,679,660,679,663,666,675,657,675,647,663,647,656,641,647,641,635,650,623,650,620,666,604,666,601,670,598,683,598
623,606,623,633,620,636,620,649,602,666,586,672,580,678,554,690,552,692,536,692,530,686,530,664,527,661,527,640,528,638,538,632,564,626,593,613,605,601,618,601
247,609,270,612,271,612,313,636,355,649,390,652,396,658,398,661,388,698,379,707,331,701,260,676,258,675,213,635,212,633,208,609,218,600,231,600
519,650,528,656,530,658,530,686,531,687,531,690,520,701,491,704,488,707,437,707,433,710,401,710,392,701,401,661,405,658,417,655,495,655,507,649,517,649
618,686,618,695,621,698,618,704,602,710,580,726,551,732,515,747,512,749,503,743,499,730,504,721,517,721,530,715,549,712,604,678,610,678
315,715,324,715,340,721,342,723,339,738,326,744,324,746,318,746,295,736,289,736,260,721,247,718,241,706,239,704,239,695,242,689,244,687,257,687
366,729,369,729,372,732,376,732,376,741,379,744,379,749,372,749,369,752,353,752,350,749,340,749,335,744,335,735,340,732,340,729,343,726,363,726
392,732,398,732,401,735,405,735,405,753,401,756,392,756,388,753,376,753,372,750,369,750,360,741,363,738,363,735,366,732,379,732,382,729,388,729
499,729,499,747,495,752,485,752,482,755,414,758,405,746,403,744,403,738,408,733,453,733,456,730,472,730,475,727,498,727
