442,21,446,26,450,26,470,36,486,55,487,56,487,72,484,75,476,75,456,61,426,44,425,43,425,33,429,20,430,19
525,75,529,80,543,86,549,92,551,96,551,114,548,117,540,117,536,115,528,107,510,98,500,90,499,90,497,86,497,78,503,65,505,65
572,105,590,121,592,125,593,127,593,141,590,144,584,144,572,134,558,128,553,122,553,108,557,102,558,100,564,100
169,119,183,121,189,125,195,125,203,132,205,142,205,144,203,146,175,146,167,142,153,140,151,138,143,138,139,132,139,130,141,125,141,117,145,113,157,113
152,137,156,137,160,141,160,145,156,149,154,149,152,151,142,151,138,147,138,145,136,143,136,139,140,135,150,135
206,150,208,150,209,151,209,162,206,165,196,165,192,161,190,161,186,157,182,157,177,151,177,149,178,148,204,148
167,148,175,148,177,150,181,150,189,157,191,157,197,163,197,167,199,169,199,171,195,175,191,175,185,171,175,171,173,169,167,169,165,167,159,167,157,165,151,165,149,163,149,155,153,147,163,147,165,146
150,186,174,188,192,194,206,194,208,200,209,202,207,205,207,211,203,215,191,215,189,213,181,213,179,211,159,209,157,207,133,202,131,200,131,189,133,185,139,183,140,182
291,190,297,190,299,192,303,192,313,198,315,198,319,202,319,209,318,211,312,215,308,215,306,213,304,215,302,213,294,213,292,211,288,211,282,207,281,206,281,201,279,199,281,197,279,195,283,189,287,189,289,188
439,294,439,311,435,313,419,313,417,315,409,315,397,321,393,321,389,317,387,307,385,305,385,296,387,294,409,292,411,290,435,290
461,288,469,288,503,300,525,317,525,318,521,335,520,336,512,338,511,338,483,319,451,315,447,311,447,293,449,289,450,288,458,286,459,286
383,311,389,323,389,325,381,332,371,334,357,342,345,354,333,377,325,379,323,379,311,369,311,358,317,347,339,324,339,323,369,309,377,307,379,307
566,357,567,358,567,364,559,374,558,375,549,375,545,367,537,359,537,357,523,342,523,332,528,321,536,321
522,362,534,370,535,372,535,410,534,412,528,416,526,417,426,417,356,423,354,422,348,418,347,416,345,374,346,372,347,371,389,361,519,361
565,415,565,419,567,421,567,429,565,432,565,436,559,442,559,444,543,461,533,461,527,454,527,450,525,448,525,440,527,436,541,423,541,421,547,415,550,415,554,411,560,411
332,418,364,449,366,451,368,460,367,461,355,479,354,480,348,480,340,476,321,457,317,448,310,441,312,430,322,418,324,416
527,455,529,466,531,468,525,476,525,477,513,484,509,484,503,488,489,490,481,494,479,494,475,492,475,480,471,474,471,470,476,465,482,465,484,463,490,463,492,461,504,459,518,450,522,450
378,463,384,463,390,467,391,468,391,474,389,476,389,485,384,490,376,490,374,488,370,488,368,486,364,486,361,483,361,476,363,474,363,470,370,463,372,463,374,461,376,461
416,471,424,475,444,475,456,471,466,471,467,472,471,495,470,496,456,500,400,498,390,492,389,491,389,485,395,468,396,467
787,504,788,504,794,506,796,511,797,512,797,522,792,527,754,527,752,529,736,529,724,525,684,527,683,526,681,510,681,509,685,504,721,504,723,502
