252,8,253,9,259,12,259,14,259,42,259,44,257,44,190,43,188,42,183,38,182,37,182,7,183,6,184,5,203,4
175,7,177,9,178,40,177,41,176,42,125,51,39,76,16,79,14,78,13,77,0,46,0,44,3,35,5,33,86,11,173,6
334,29,335,29,380,51,382,52,386,60,386,61,382,82,380,83,375,86,374,86,324,62,270,49,268,48,266,43,266,42,268,16,269,15,270,14,282,14
220,47,220,51,217,55,200,55,199,53,196,53,193,50,193,49,195,45,198,45,199,44,218,44
182,54,183,76,179,80,141,80,140,79,130,79,126,75,127,60,126,57,128,54,158,53,160,51,179,51
201,56,205,56,206,57,211,57,215,60,215,77,214,79,195,79,191,77,190,76,190,60,193,57,193,56,195,55,199,55
280,57,281,57,285,60,285,70,287,79,285,83,285,83,234,81,225,83,223,82,221,78,221,59,223,55,224,54,228,53
179,101,180,101,181,102,181,105,182,106,181,107,181,108,180,109,174,109,173,110,170,110,169,109,165,109,162,106,162,102,162,101,164,101,165,100,178,100
91,177,91,177,93,177,94,178,107,178,108,179,121,179,124,182,124,192,121,195,119,195,117,196,116,196,115,195,93,195,91,193,86,193,81,191,80,186,80,184,82,179,89,177,90,177
167,191,175,191,176,192,176,200,175,201,175,202,172,205,171,205,169,206,164,206,163,208,156,208,152,204,152,199,151,197,151,193,152,192,152,191,156,191,158,189,166,189
