230,17,231,17,248,32,248,33,247,42,242,52,242,53,239,57,233,57,223,47,216,43,199,42,198,41,195,36,194,19,194,17,197,15,224,15
189,21,192,25,192,31,195,40,194,45,194,46,180,53,168,68,164,68,158,65,153,58,152,57,152,50,162,36,180,23,181,22,188,21
314,83,314,84,377,110,379,111,379,112,383,126,382,129,363,168,362,168,347,182,345,183,343,183,286,152,206,136,204,135,203,132,204,78,204,76,206,75,219,70,221,70
185,82,186,83,187,85,189,132,189,134,188,135,132,160,101,185,100,186,84,190,82,190,81,188,64,155,64,153,65,151,85,130,128,98,128,97,171,80,173,80
231,151,241,165,241,172,240,173,204,198,192,198,181,195,180,195,154,178,153,177,153,176,164,159,165,158,166,158,191,172,201,172,230,151,231,151
413,185,414,185,417,191,418,204,418,205,418,206,418,210,417,210,410,216,409,217,400,217,397,216,397,215,396,213,396,206,394,205,394,193,396,191,397,186,402,184,402,183,411,183
78,283,58,282,57,282,54,278,54,257,56,255,57,255,105,256,106,256,108,257,108,282,107,283,102,286,100,286,99,285,79,285
147,260,146,285,144,288,142,290,117,290,113,287,112,286,112,268,114,267,114,262,113,261,112,260,114,256,115,256,144,256
169,260,187,260,191,263,192,288,191,290,188,292,187,292,158,291,155,287,155,268,157,261,161,257,163,257
300,264,301,264,305,266,307,268,304,292,304,293,300,298,299,299,211,294,210,293,204,290,203,288,203,263,204,262,205,261
352,268,394,268,396,271,396,273,393,286,395,295,395,297,393,300,391,300,380,297,365,301,326,300,324,300,319,296,319,295,321,267,322,266,324,263,325,263
