175,56,174,56,173,54,172,45,172,44,176,41,182,41,187,39,212,39,215,40,215,50,212,53,212,54,210,55,209,55,208,54,187,54,177,57
226,43,239,45,252,51,254,51,259,53,259,59,254,65,254,66,249,67,228,57,218,56,217,56,216,55,216,45,217,42,218,41,221,40,222,40
168,45,169,50,172,52,172,57,168,60,163,60,156,63,154,63,148,68,142,68,137,60,137,54,147,48,153,47,154,46,158,46,161,44,167,44
245,90,246,90,246,91,247,119,247,120,246,121,151,122,151,122,146,120,145,118,145,95,145,94,150,90,151,90,179,89
137,97,137,98,137,119,137,120,133,122,132,122,131,121,96,121,92,117,91,104,92,101,92,99,96,97,102,96,129,96,133,95,133,95
303,96,304,96,306,98,306,99,309,119,308,120,303,122,303,122,252,121,250,121,250,120,249,98,249,97,252,95,253,95
165,157,189,161,189,161,190,162,190,172,187,176,182,176,161,171,138,161,138,160,138,155,142,148,149,148
259,153,259,159,257,161,231,173,195,175,194,175,193,173,193,173,194,161,194,161,224,160,234,156,252,147,254,147
134,194,203,194,207,198,208,199,209,217,208,218,204,221,203,222,166,224,117,222,116,221,114,215,113,214,116,196,117,194,124,192,125,192
249,199,249,211,248,214,249,219,249,219,247,223,246,223,213,223,212,223,210,219,210,219,211,206,210,205,210,199,213,196,243,196
330,223,333,227,334,228,333,244,329,251,328,252,322,256,322,256,303,255,295,253,270,253,269,252,266,248,265,246,265,229,266,228,268,226,269,225,283,223,329,223
211,227,233,227,234,229,238,234,238,235,238,252,238,253,234,258,233,258,206,258,163,250,162,250,159,246,159,245,160,227,161,225,167,223,189,223
261,233,261,250,259,253,254,253,253,254,248,254,247,253,243,253,240,248,240,236,242,234,251,234,252,233,257,233,258,232,259,232
19,267,37,267,39,268,39,283,37,285,31,285,30,284,21,284,19,285,18,284,16,285,12,283,12,282,12,272,11,271,12,269,12,267,12,267,17,265,18,265
82,267,85,269,85,284,84,285,79,287,78,285,54,285,53,284,47,284,44,285,42,284,40,283,39,269,41,267,42,266
120,268,137,268,141,271,142,272,142,284,140,287,122,287,121,285,120,286,119,286,119,285,91,285,90,285,88,281,86,270,86,269,88,267,101,268,102,268,103,268,103,268,105,267,119,267
185,270,186,270,187,272,187,281,188,282,188,284,186,286,159,286,158,287,156,287,154,286,153,285,153,272,155,270,178,270,179,269,183,269
191,285,190,273,190,272,191,271,241,271,242,272,244,280,244,286,242,287,208,287,206,287,205,287,204,287,203,286,193,286
317,272,316,279,317,280,317,286,314,288,310,288,309,287,291,287,289,285,289,277,288,276,288,275,289,273,289,271,291,270,316,270
331,271,338,271,340,270,348,270,349,271,349,286,348,287,323,287,322,286,322,272,324,270,330,270
354,288,352,287,351,287,351,286,350,285,350,277,349,276,349,272,351,270,359,270,361,271,368,271,369,272,369,285,368,286,368,287,365,287,364,288,362,288,361,287,358,287,357,288
389,270,389,276,390,277,390,284,389,285,389,286,387,287,372,287,371,287,371,285,370,284,370,279,369,277,369,275,368,274,369,273,369,272,369,271,371,271,372,270,380,270,381,269,387,269
