290,37,282,90,281,91,276,95,274,96,215,94,139,107,137,106,136,105,132,61,133,60,134,59,206,38,286,34,289,34
127,63,128,65,132,108,131,110,121,118,120,119,82,130,31,167,28,166,24,161,23,159,20,106,21,105,73,76,109,63,110,62,125,62
253,100,253,101,247,123,245,125,154,135,102,151,64,170,63,169,58,162,57,161,57,151,58,150,69,141,140,109,206,100,207,99,251,99
405,223,407,224,407,255,400,264,397,264,360,256,305,258,263,275,233,281,216,292,214,292,213,290,207,255,208,253,260,230,317,217,373,217
380,261,400,261,403,267,404,268,404,275,400,283,400,284,380,284,369,280,325,280,321,278,320,277,320,261,326,257,367,257
271,273,273,281,273,282,260,293,244,297,233,304,229,304,223,308,212,308,210,306,210,291,216,284,221,282,225,278,244,274,256,269,266,269
458,296,469,303,471,305,465,350,463,352,461,353,452,351,451,349,451,346,456,342,454,338,441,336,440,335,436,330,433,346,430,349,398,353,379,362,295,366,238,360,236,360,235,358,237,330,238,328,243,322,245,321,375,306,422,308,457,295
89,340,95,340,102,344,108,351,109,352,109,363,104,368,99,368,80,359,68,359,57,362,45,372,35,372,33,368,37,356,48,345,61,339,62,338,87,338
457,362,458,363,458,375,452,379,271,387,269,387,263,383,263,382,265,375,266,374,306,374,411,357,443,355
260,374,261,374,263,377,263,379,261,381,261,390,248,390,246,392,210,392,199,396,198,396,192,394,190,390,189,390,189,380,193,372,257,372
382,387,383,388,383,401,378,405,377,405,283,405,276,409,249,407,248,406,250,393,251,392,280,394,308,389,344,389,367,385
564,443,560,437,560,435,562,432,562,422,566,419,567,419,615,420,618,423,618,435,614,440,614,441,610,443,604,443,602,441,593,441,591,443
212,424,223,434,224,435,224,465,228,470,227,471,214,479,193,479,189,473,187,464,187,462,188,461,188,431,192,425,194,423,211,423
626,457,628,459,624,478,622,480,579,474,380,474,379,472,382,451,384,450,600,450
