269,95,270,96,271,98,270,125,270,127,264,134,261,135,173,141,106,173,104,173,94,170,93,169,82,150,82,148,87,136,88,135,170,98,171,98,247,93
366,101,368,101,436,122,438,123,442,132,442,134,436,158,435,160,426,164,424,164,359,142,286,135,284,134,284,99,285,98,286,97,301,94
361,143,363,144,364,146,360,193,359,195,354,199,352,200,157,197,155,197,154,196,150,187,150,185,162,150,163,147,175,142,177,142
303,199,305,199,315,205,316,207,316,208,315,238,314,240,312,241,232,249,93,246,92,245,90,243,92,193,93,191,95,190
438,196,439,197,441,238,440,240,438,240,331,245,330,244,327,241,326,240,328,206,328,205,331,202,333,201,437,195
177,250,177,257,175,259,175,269,174,270,162,275,136,275,130,273,128,275,118,275,116,274,113,270,113,260,114,259,113,251,113,251,118,248,119,247,160,249,162,247,174,247
357,249,358,266,357,268,350,272,253,275,252,275,247,272,247,270,248,249,250,247,355,247
196,249,226,249,227,247,232,247,232,248,235,252,236,254,235,257,236,271,235,276,233,276,223,279,212,279,212,279,207,276,189,273,186,268,186,267,187,264,187,256,186,254,186,250,188,247,194,247
372,273,372,297,369,300,360,300,358,301,339,301,334,298,333,297,333,282,331,281,331,275,336,270,343,270,344,270,345,270,346,270,347,270,348,270,349,270,350,270,351,270,352,270,354,269,367,269
151,273,157,273,161,277,161,279,159,281,159,286,159,287,159,289,159,296,156,300,147,300,145,301,127,301,123,297,123,279,122,279,122,277,124,274,127,273,151,273
198,276,198,292,200,295,196,299,168,299,165,295,165,293,167,292,167,283,165,280,165,279,167,276,171,273,194,273
194,265,195,262,197,262,200,265,200,267,198,268,204,273,279,274,282,278,281,295,280,296,276,299,209,299,204,293,203,292,205,278,201,274,189,273,188,272,188,263,190,262,191,262
327,273,328,275,330,295,328,298,327,300,324,300,322,301,291,301,287,297,287,292,288,291,288,275,291,272,324,272
