302,10,303,11,303,11,302,29,297,36,297,38,296,38,229,30,173,45,171,44,163,21,163,19,171,14,226,4,226,4
231,44,232,45,232,60,234,61,234,66,232,69,231,70,200,70,192,73,188,70,186,69,185,52,184,52,184,50,188,44,193,43,194,42,222,44,226,42
271,44,274,44,276,46,276,56,277,58,277,63,276,66,275,66,238,68,237,68,236,66,236,59,237,58,237,49,240,44,248,44,249,43,270,43
321,51,330,51,366,63,367,64,369,73,369,74,361,84,360,85,352,86,352,86,322,74,304,74,289,71,285,69,284,67,286,48,290,44,299,44
175,48,177,49,177,49,182,71,176,77,164,79,146,85,124,95,117,95,113,91,108,80,108,79,109,69,110,67,151,55,169,47
450,178,452,178,455,182,455,190,451,193,450,194,428,194,426,192,426,183,429,179,429,178,438,178,440,176,449,176
421,312,435,312,436,313,436,325,435,326,432,326,431,328,429,326,400,326,398,325,389,325,389,324,389,321,387,320,389,317,389,313,392,313,393,312,402,312,403,310,420,310
472,312,477,312,479,313,486,313,489,315,491,317,491,325,488,329,482,329,480,328,455,328,452,325,452,314,454,311,469,311,470,310
447,312,449,312,451,314,451,315,452,317,452,324,451,326,451,327,450,328,447,328,446,329,440,329,438,328,437,328,436,327,436,314,440,310,446,310
442,329,443,328,454,328,455,329,470,329,473,334,470,341,469,342,423,341,422,342,409,342,405,339,405,330,406,328,436,328
