1287,219,1292,227,1297,257,1297,260,1272,361,1267,366,1243,376,1238,376,1152,336,1070,351,1065,351,1041,346,1036,341,1006,199,1009,192,1019,181,1024,179,1083,169,1174,169
529,464,529,469,534,474,534,485,539,490,539,545,534,550,534,555,531,558,526,558,521,563,507,558,499,550,499,469,507,462,526,462
494,490,499,565,484,591,484,621,475,636,470,639,452,631,443,646,455,666,480,654,484,656,484,677,482,679,462,684,445,709,460,725,489,725,489,800,487,805,433,805,420,793,425,712,416,656,425,540,406,505,430,454,433,452,457,452
1388,323,1408,348,1491,515,1494,520,1508,692,1494,742,1491,747,1486,750,1447,750,1444,747,1390,722,1385,717,1380,576,1361,515,1309,432,1307,426,1316,381,1319,378,1363,323,1368,320,1383,320
918,262,1001,353,1001,389,952,454,898,576,898,672,918,773,915,780,866,821,864,821,800,836,792,836,790,833,760,793,760,788,745,520,745,517,814,351,814,348,888,262,896,260,910,260
524,588,534,588,539,593,539,608,544,613,544,618,541,621,544,624,544,674,534,689,531,694,516,694,499,677,499,596,514,586,519,583
1489,737,1489,757,1484,762,1484,773,1476,780,1462,780,1449,768,1449,757,1444,752,1444,742,1449,737,1449,732,1452,730,1457,730,1462,725,1476,725
1390,823,1395,826,1420,851,1422,858,1427,975,1425,982,1410,997,1403,1000,1028,1040,915,1040,846,1005,841,995,836,899,841,891,891,856,896,853,1312,833,1351,818,1356,818
667,1139,667,1159,672,1164,676,1270,676,1275,662,1285,608,1290,603,1290,598,1280,598,1265,603,1260,603,1215,598,1210,598,1149,622,1139,637,1139,642,1134,662,1134
1858,1260,1902,1260,1907,1265,1927,1265,1932,1270,1952,1270,1971,1285,1971,1326,1961,1331,1942,1331,1917,1321,1897,1321,1892,1316,1863,1316,1828,1301,1814,1301,1809,1296,1799,1296,1794,1270,1794,1265,1804,1255,1853,1255
