237,32,238,33,238,44,234,47,214,47,201,51,195,54,195,54,191,51,188,43,188,39,190,37,195,37,214,31,222,32,234,30
252,32,254,32,255,34,255,37,254,39,254,41,253,42,253,44,251,47,243,47,239,45,239,44,239,35,240,34,240,33,241,32,242,32,243,31,251,31
283,44,307,66,308,66,307,72,300,79,298,79,298,78,278,60,257,51,253,46,253,45,255,38,255,38,260,36,261,36
188,41,194,50,194,56,180,62,161,80,157,80,156,79,149,70,149,70,150,65,163,51,164,50,183,41,187,41
294,74,297,78,297,79,296,92,297,96,296,97,293,100,293,100,254,98,252,96,252,85,249,79,252,76,255,75,256,74,293,73
245,78,246,78,246,91,248,94,248,96,248,96,243,100,243,100,178,98,164,101,163,100,161,97,161,81,161,80,166,77,166,77
181,104,183,104,183,104,184,103,213,103,215,105,214,112,215,113,215,120,214,121,165,121,162,118,163,105,164,105,167,102
294,105,295,106,295,115,293,120,291,121,287,123,222,121,218,118,218,105,220,104,291,104
225,126,226,136,226,137,222,142,222,142,195,143,193,141,148,142,144,139,144,126,145,125,224,125
272,126,272,125,273,125,274,126,274,125,307,125,307,126,312,141,312,142,310,144,309,144,297,140,278,140,269,143,262,143,259,142,259,141,259,128,262,125,271,125
230,142,229,140,229,128,231,125,247,125,248,127,253,127,255,128,255,139,252,142,249,142,248,140,234,140,233,142
176,142,179,142,180,140,181,142,185,142,186,140,187,142,193,142,195,143,195,148,194,150,195,151,195,155,192,158,192,159,183,158,181,159,169,159,167,158,167,155,166,154,166,146,165,144,166,142,168,140,175,140
223,143,223,155,221,156,198,156,197,155,197,145,198,144,205,144,206,143,217,143,218,142,222,142
283,143,288,146,290,152,290,152,290,158,289,159,260,161,244,157,228,157,228,156,226,153,225,152,226,144,227,143,237,142,276,143,283,142
206,161,206,169,205,171,204,171,189,171,187,173,181,173,180,170,179,170,179,162,181,160,187,160,189,159,192,159,193,158,203,158
280,158,280,170,276,174,208,173,207,172,207,163,210,160,220,158,221,157,239,159,277,155
228,188,228,188,226,185,226,175,229,173,230,173,231,174,274,174,276,176,276,177,275,179,276,181,276,189,275,190,258,190,257,189,234,189
213,177,222,176,222,177,223,180,222,188,226,192,232,193,231,201,231,201,229,204,223,204,216,201,216,200,221,196,222,193,221,192,210,190,184,190,183,185,184,177,184,176,202,175
234,191,234,196,233,197,233,204,232,205,202,205,201,204,200,193,200,192,204,190,233,190
241,206,240,205,239,205,239,201,238,200,238,191,241,189,243,189,244,190,257,190,259,193,259,202,254,206,250,206,249,205,248,205,247,206
191,206,193,206,196,208,206,209,207,210,208,216,208,216,207,217,207,224,205,227,204,227,195,225,183,220,176,215,176,215,175,213,175,206,176,205,176,200,178,198,181,198
282,211,282,213,279,216,275,217,273,220,267,222,252,224,251,225,246,225,244,224,243,214,243,213,246,212,251,212,258,208,260,208,268,202,275,201,276,201
214,212,218,212,220,213,222,213,223,215,223,219,222,220,222,226,221,228,213,228,212,227,210,227,207,224,207,212,207,212,208,212,210,211,213,211
225,228,222,224,222,221,223,220,222,219,222,216,225,213,241,213,242,214,242,219,243,220,243,225,241,228,237,228,236,227,232,227,231,228
