419,46,459,64,461,65,467,73,467,75,455,99,453,100,444,100,436,94,402,82,368,84,366,83,362,75,362,73,368,57,368,45,370,44,397,42
453,98,455,98,497,138,515,182,515,185,511,203,509,204,491,204,489,203,459,157,438,138,392,120,326,126,324,125,312,97,312,95,313,94,333,82,334,82,397,80
329,92,330,93,338,121,337,124,313,138,291,158,285,160,283,160,271,154,253,140,252,138,252,128,253,126,283,102,315,88,323,88
485,74,487,74,533,118,559,190,559,193,555,203,553,204,523,208,521,208,517,204,517,202,509,162,500,144,458,108,457,106,459,96,473,74,474,72,475,72
402,118,404,118,418,124,419,126,419,135,403,161,401,162,360,158,337,164,317,178,294,223,292,224,280,226,279,226,261,220,260,218,260,199,282,159,316,129,317,128,365,116
446,138,458,150,460,150,461,152,461,154,469,162,469,166,463,176,462,177,446,189,445,190,437,188,436,187,434,183,412,167,411,166,413,156,415,154,415,148,417,146,417,138,421,130,424,128
267,160,268,161,272,167,272,169,260,199,256,227,256,251,264,287,264,289,256,297,255,297,231,303,228,302,220,284,220,264,214,245,214,215,232,167,242,155,243,154,245,154
471,190,472,190,480,196,485,206,485,217,481,223,481,236,483,238,479,257,471,275,463,283,455,281,435,261,435,252,443,238,443,226,445,224,441,196,441,195,445,189,447,188
556,215,560,221,561,222,559,244,557,246,555,265,545,287,543,289,535,289,523,283,515,283,513,281,511,273,517,254,521,224,527,218,555,214
516,220,517,222,517,257,511,279,501,299,495,305,485,305,476,296,466,292,465,291,465,283,477,263,481,234,487,224,487,218,491,214,505,214
289,234,290,236,292,263,298,277,325,306,326,307,326,313,325,314,317,320,309,334,308,335,298,333,285,320,275,302,267,296,263,288,262,287,260,271,262,265,258,250,260,238,261,236,279,230,281,230
439,277,440,278,448,288,451,299,451,300,449,304,435,316,434,317,404,327,402,326,401,325,400,326,398,326,397,325,392,327,381,325,371,327,369,327,365,325,364,323,364,293,370,287,397,287,425,275
468,295,484,313,485,315,485,321,484,322,460,344,438,354,424,356,422,357,418,355,417,353,415,343,409,331,411,325,412,323,436,315,456,295,462,293,464,293
354,323,370,327,403,327,405,329,407,339,405,341,405,357,404,359,400,361,379,361,377,363,353,361,351,361,319,349,315,345,314,343,314,333,315,332,329,316,330,315,340,315
540,299,541,301,541,309,528,322,514,348,498,366,452,392,451,393,437,393,435,392,427,372,427,371,429,359,430,357,448,351,474,335,481,328,485,316,511,288,512,287,514,287
312,343,350,359,370,363,372,364,374,370,374,372,368,396,368,397,364,401,352,401,282,377,280,377,238,329,234,321,234,318,236,312,237,311,257,299,268,299
419,366,420,366,422,370,422,376,424,378,424,386,426,388,426,390,425,391,426,392,426,394,422,400,416,400,414,402,392,402,390,404,380,404,376,402,375,401,375,382,377,380,377,373,381,367,382,366,386,366,388,364,406,364,408,362,413,362
