1274,232,1274,256,1268,263,1264,263,1260,267,1231,267,1227,271,1207,271,1205,269,1205,261,1201,256,1201,240,1211,230,1215,230,1219,225,1247,225,1251,221,1264,221
1213,236,1221,261,1221,263,1205,283,1185,292,1150,292,1130,300,1114,300,1074,317,1047,317,1039,304,1039,275,1052,259,1157,246,1193,234,1211,234
876,327,878,327,938,364,1052,397,1054,399,1062,428,1062,433,1045,470,1041,472,1039,472,793,393,599,406,583,393,581,391,569,346,571,339,595,327,741,319,743,319
720,437,730,447,735,497,732,501,724,505,636,505,563,522,559,520,543,495,543,470,541,466,545,457,547,455,563,447,579,447,615,435,716,435
787,443,856,443,989,476,991,478,1003,487,1005,489,997,538,993,542,969,542,892,513,751,501,739,489,735,443,739,439,759,435
840,513,912,530,914,530,959,563,961,569,949,611,947,613,942,613,898,596,856,605,811,592,759,617,757,617,712,576,561,605,529,600,525,598,508,578,510,574,535,549,575,532,577,530,678,509
799,638,823,638,827,642,844,642,848,646,856,646,860,659,852,667,819,667,815,663,799,663,795,659,771,659,763,650,763,646,771,638,787,638,791,634,795,634
781,661,809,661,813,665,846,665,850,661,854,661,858,665,878,665,890,669,894,694,888,706,852,706,840,698,819,698,815,694,779,694,763,710,743,710,735,706,732,704,732,667,749,652
803,694,811,694,815,690,831,690,844,698,888,706,894,712,894,725,878,733,876,735,844,735,840,731,771,727,743,710,735,698,735,694,743,690,747,694,787,694,791,690,799,690
169,1181,173,1185,177,1226,173,1239,171,1241,159,1249,135,1249,133,1247,36,1247,34,1249,30,1249,18,1241,10,1224,8,1222,8,1189,20,1177,40,1177,44,1172,149,1172
1211,1208,1215,1208,1215,1210,1211,1214,1211,1222,1203,1230,1191,1230,1187,1235,1175,1235,1171,1230,1169,1210,1171,1208,1175,1208,1179,1204,1207,1204
