370,155,375,164,375,191,377,193,376,195,375,197,375,206,376,207,377,210,375,217,370,222,367,223,350,225,333,233,325,230,323,229,315,205,313,186,310,183,313,174,314,171,323,163,335,161,342,156,367,153
442,164,489,183,490,185,547,245,548,247,548,262,546,264,504,290,502,292,500,290,476,259,450,236,386,219,384,217,383,216,386,161,387,158,388,157,400,155,403,155
300,183,318,219,320,236,320,239,319,240,307,247,287,266,273,289,271,290,263,290,246,274,226,262,226,246,241,224,283,186,286,185,298,182
298,442,299,442,324,463,361,475,366,480,367,483,357,526,355,528,345,528,298,509,297,509,260,483,259,480,261,463,261,462,278,441,281,439
513,473,513,485,511,487,452,524,415,531,372,531,370,530,370,485,375,480,377,480,434,471,476,442,486,442
399,582,404,590,404,591,402,627,395,639,394,639,347,632,241,629,234,625,231,622,229,584,230,581,397,581
535,586,537,587,537,588,540,634,539,637,412,637,407,632,407,629,409,588,410,586,412,586,488,584
315,631,317,632,324,647,331,647,336,637,337,635,394,638,404,643,405,644,410,658,409,659,261,659,239,657,234,650,233,649,238,629,239,628
498,638,505,635,516,638,519,635,521,635,523,637,526,635,534,638,536,638,539,643,539,664,531,669,502,669,499,667,418,664,415,662,415,643,420,635,421,635
525,665,537,670,540,671,540,673,535,704,532,706,234,697,231,694,229,661,236,653
