387,119,389,119,391,121,391,133,393,135,393,142,391,144,391,146,385,150,374,150,372,152,366,152,362,148,362,125,366,121,368,121,370,119,375,119,377,117,385,117
435,120,457,132,469,146,477,164,478,166,480,192,475,198,461,202,459,202,455,197,455,186,451,176,430,158,397,150,396,149,394,141,400,118,402,116
360,127,360,140,362,142,362,154,348,162,346,162,342,167,336,169,334,169,331,164,327,154,325,152,325,140,329,135,342,129,344,127,348,127,350,125,358,125
329,162,329,175,307,198,299,212,295,216,290,216,282,208,282,187,291,171,313,148,321,148
290,202,293,202,297,206,297,212,299,214,299,216,297,218,297,227,295,229,295,239,291,245,290,245,288,247,278,247,272,243,270,243,270,241,268,239,268,223,274,212,274,210,286,200,288,200
575,249,571,302,570,306,569,306,208,374,207,374,179,370,176,369,176,367,180,323,181,320,182,320,571,245,574,245
565,321,566,323,566,342,570,352,568,365,566,367,490,381,472,379,470,379,470,377,468,342,468,341,472,335,474,334,519,327,556,317,557,317
457,340,458,340,458,342,460,377,460,378,458,382,458,383,399,398,372,400,370,400,364,396,363,394,361,356,361,354,363,352,365,352,427,344,445,338
355,357,356,358,356,362,358,364,358,399,352,403,323,405,321,405,321,364,325,360,334,360,336,357,344,357,346,355,347,355
311,365,312,367,314,404,313,406,307,410,188,433,186,433,180,429,179,427,179,393,183,386,184,385,249,371,286,369,303,363,305,363
