184,30,185,32,186,66,186,67,184,73,181,74,86,76,84,74,82,71,82,71,84,56,80,41,80,39,84,36,117,30,160,30,178,27,180,27
422,24,429,59,429,60,425,74,424,76,422,76,209,68,207,68,207,66,207,64,228,49,220,44,220,43,220,41,220,40,233,33,236,33,250,37,261,27,262,26,420,23,421,23
352,83,355,102,354,103,348,108,347,108,282,109,155,108,154,107,150,91,150,90,153,86,154,85,350,82
448,130,457,130,461,133,461,139,457,142,444,142,443,141,438,141,438,140,438,139,436,137,436,132,441,128,447,128
210,132,210,139,206,142,199,144,183,155,177,155,173,152,172,146,173,143,174,142,180,140,186,134,191,132,193,131,196,131,197,130,207,130
233,137,241,144,242,147,243,147,243,150,239,154,236,154,233,155,232,154,229,154,219,145,216,144,213,144,210,140,210,136,211,135,210,133,211,130,212,130,219,130
213,147,215,147,221,154,234,157,235,157,239,163,240,165,237,179,237,196,236,197,232,200,230,201,196,202,176,198,174,197,173,196,172,180,178,157,179,155,185,152,195,152,200,146,202,145
254,199,254,201,249,206,248,206,246,208,245,208,243,209,242,209,241,211,235,211,234,210,234,209,233,207,233,204,238,199,239,199,241,198,242,198,243,196,245,196,246,195,251,195
176,201,177,201,178,203,180,203,184,207,184,209,186,210,186,213,183,213,178,211,176,211,174,209,171,209,170,208,167,208,163,204,163,200,165,199,171,199
235,207,236,211,233,213,230,213,229,215,226,215,225,216,222,216,220,218,216,218,215,219,210,219,206,216,205,216,208,211,210,211,211,210,214,210,215,209,220,209,221,207,225,207,227,206,230,206,231,204,232,204
190,208,196,208,197,209,199,209,199,210,199,211,201,213,201,217,199,219,194,219,193,218,190,218,189,216,187,216,184,213,183,213,182,213,182,211,181,210,181,207,181,206,189,206
207,209,209,209,210,211,212,211,214,213,214,214,215,216,213,218,212,218,210,219,200,219,199,218,197,218,195,216,195,213,194,211,194,210,194,209,197,209,199,208,206,208
355,208,355,223,353,225,293,226,292,226,289,211,289,211,292,208,293,208,303,209,305,208,352,206,354,206
478,192,487,209,487,210,484,273,484,273,479,282,478,283,469,286,442,306,440,305,433,299,425,275,423,255,423,253,425,252,435,246,437,247,443,251,443,251,440,227,440,226,443,219,444,218,474,191,476,191
420,258,421,271,427,281,435,312,429,319,397,337,396,338,393,336,392,335,386,312,389,295,390,294,396,290,401,290,410,282,412,276,409,270,409,262,412,258,414,257,418,257
