1089,301,1092,303,1093,304,1096,317,1096,320,1084,371,1081,372,1080,374,876,364,735,374,732,372,730,369,721,312,723,309,732,300,735,298,953,292
1172,312,1240,328,1270,328,1273,330,1273,401,1272,404,1270,404,1187,385,1107,375,1104,375,1098,369,1098,366,1104,312,1106,309,1107,309
704,307,710,317,710,318,713,363,713,366,704,375,701,375,600,391,544,388,516,394,513,394,513,391,507,360,507,356,516,347,520,347,538,344,578,322,676,306,701,306
996,454,1160,451,1161,451,1163,454,1166,476,1166,478,1153,506,1150,508,910,511,907,510,889,468,889,465,895,453,898,451,910,448
613,516,607,513,598,494,598,468,610,459,650,459,656,465,660,472,660,478,663,481,663,500,660,506,647,513,644,513,641,510,635,510,626,516
724,457,798,457,810,470,812,473,809,476,818,497,818,500,815,506,800,516,796,517,753,511,720,511,692,517,673,498,670,467,681,456,684,454,693,457,721,454
736,570,735,568,732,571,707,571,692,562,689,560,683,547,683,516,692,503,695,502,707,498,710,502,712,500,715,500,716,502,735,502,741,508,756,508,772,502,800,508,803,510,809,522,809,525,806,533,809,536,809,555,807,558,786,571,784,571,741,568,740,570
1144,511,1146,511,1155,517,1156,521,1156,562,1155,565,913,565,898,557,898,527,900,524,921,508,923,508
1173,661,1189,699,1189,702,1173,712,1152,712,1140,718,1127,715,1124,715,1115,696,1112,677,1112,674,1118,667,1136,664,1140,661,1149,661,1152,658,1167,658
1050,702,1056,715,1056,720,1050,726,1050,727,1044,731,1026,731,1023,734,1007,734,1004,737,989,737,983,734,980,734,976,727,976,708,983,702,989,699,998,699,1001,696,1010,696,1013,693,1041,693
1233,701,1235,702,1244,724,1246,738,1244,740,1232,746,1189,753,1186,756,1170,756,1167,759,1146,759,1133,734,1133,718,1141,710,1163,710,1164,708,1189,705,1210,696,1212,694,1224,694
