654,38,660,38,663,44,663,46,660,52,660,70,657,73,628,73,625,76,609,76,605,80,593,80,589,81,583,75,583,66,586,63,586,47,593,41,625,41,628,38,644,38,647,35,650,35
578,43,581,76,580,78,573,81,509,84,425,100,409,96,406,96,405,95,408,67,409,66,422,56,512,38,573,38
263,58,263,86,249,100,184,115,183,116,118,120,112,113,115,98,112,80,114,78,123,72,194,66,229,56,261,56
117,81,117,100,120,103,120,106,117,109,117,115,110,121,101,121,98,124,72,124,69,127,59,127,53,121,53,84,56,81,62,81,65,78,114,78
488,146,491,143,495,146,498,143,501,146,517,146,519,147,519,156,499,178,498,180,466,180,464,178,464,175,461,172,461,163,464,160,464,153,467,150,467,147,469,146,475,146,478,143,485,143
578,146,580,147,583,160,576,175,588,189,617,180,633,183,636,180,639,183,641,186,634,192,618,192,615,195,593,192,576,207,551,207,548,204,531,210,522,204,525,198,525,152,527,149,540,143,572,143
658,150,658,184,652,193,650,195,638,204,628,207,626,209,607,209,594,203,581,209,562,209,556,203,559,163,573,149,583,146,585,144,633,144,636,141,649,141
626,220,630,220,631,221,628,230,625,233,612,233,609,236,575,236,572,233,562,233,559,230,556,233,552,233,549,230,548,224,549,223,552,223,556,220,565,220,568,216,623,216
565,424,568,424,601,443,604,447,604,449,597,526,594,532,568,547,565,547,335,535,149,584,88,587,83,587,80,583,67,493,67,489,72,486,207,446,355,421,356,421
568,543,570,543,679,573,684,576,686,581,676,695,675,700,670,703,668,703,335,675,49,730,45,730,41,727,40,723,36,612,38,607,43,604,226,552,387,533,388,533
183,861,221,861,233,872,233,875,231,876,231,907,228,910,205,913,202,910,147,910,83,904,73,900,70,890,73,875,70,863,72,860,78,850,80,849
268,872,316,872,319,875,339,875,342,878,342,890,339,893,339,912,335,915,245,915,239,909,239,906,242,900,242,875,249,869,265,869
438,872,438,910,435,916,433,918,421,921,419,921,416,918,358,918,351,915,351,878,361,872,413,872,416,869,432,869
475,873,517,873,536,880,575,883,578,884,581,893,572,927,570,930,565,935,543,935,540,932,501,932,475,923,462,926,450,920,446,916,446,880,448,878,458,872,474,872
75,918,91,918,94,921,146,924,152,930,152,958,146,964,80,964,61,958,40,958,36,955,36,936,40,933,40,918,43,915,72,915
305,929,318,941,315,969,308,975,270,975,266,972,167,969,160,963,160,932,162,930,171,924,223,927,226,924,265,924,266,923
376,970,374,969,377,944,374,938,377,930,384,927,446,927,466,940,467,943,464,949,464,973,454,980,451,980,448,976,385,976
350,930,363,930,366,933,369,933,371,935,371,966,364,975,363,976,331,976,323,969,323,938,319,935,323,932,323,929,324,927,347,927
538,940,583,940,596,949,596,950,593,981,593,983,586,986,564,980,503,980,499,976,475,980,474,980,467,973,467,970,474,955,470,940,474,936,535,936
62,1016,46,1016,40,1010,40,978,46,967,62,967,64,969,65,967,69,967,70,969,72,967,75,967,78,970,101,970,102,972,104,970,118,970,128,976,130,978,130,992,126,995,126,1016,120,1023,98,1023,94,1020,65,1020
173,986,202,986,205,989,245,989,252,998,252,1001,249,1007,249,1026,245,1029,208,1029,205,1026,160,1026,157,1023,138,1023,133,1018,136,996,133,990,136,983,170,983
263,1026,261,1024,261,995,268,989,310,986,313,983,324,983,334,976,348,976,351,980,351,981,348,1030,343,1035,323,1035,319,1032,273,1032
408,984,453,987,459,990,462,993,462,1009,459,1012,456,1036,454,1038,448,1041,358,1041,351,1035,350,1032,360,1012,356,1009,356,993,366,984,376,984,379,981,405,981
575,998,585,1001,586,1001,589,1007,586,1032,586,1035,573,1041,570,1041,567,1038,467,1035,464,1032,464,1030,467,1009,464,1003,467,995,469,995
49,1056,59,1056,62,1060,75,1060,78,1063,81,1063,88,1069,88,1075,85,1078,85,1096,81,1100,81,1103,62,1103,59,1100,30,1100,27,1096,24,1096,24,1093,20,1090,20,1060,27,1053,46,1053
117,1075,136,1075,136,1096,133,1100,133,1103,130,1103,126,1106,101,1106,98,1103,94,1103,91,1100,91,1081,88,1078,88,1075,91,1072,114,1072
170,1072,173,1072,178,1076,178,1098,173,1103,151,1103,147,1100,144,1100,143,1098,143,1089,139,1086,139,1073,144,1069,167,1069
273,1075,279,1069,369,1072,371,1073,374,1083,368,1107,366,1109,282,1109,281,1107,273,1081,265,1107,263,1109,234,1112,192,1109,191,1109,184,1103,184,1069,186,1069,263,1066
400,1072,441,1072,445,1075,486,1075,490,1081,490,1083,483,1101,486,1107,480,1116,478,1118,462,1118,459,1115,414,1115,411,1112,388,1115,380,1107,384,1086,380,1076,380,1075,393,1069,396,1069
528,1078,560,1078,564,1081,607,1081,613,1084,615,1086,615,1104,605,1120,604,1121,519,1121,517,1120,515,1121,514,1121,495,1115,493,1115,490,1109,493,1093,490,1084,490,1081,496,1075,525,1075
147,1163,225,1163,226,1161,229,1161,241,1172,237,1203,231,1209,151,1209,147,1206,90,1203,83,1196,83,1163,90,1156,115,1156
422,1216,419,1216,417,1215,416,1216,400,1216,393,1210,393,1173,396,1170,440,1170,450,1173,462,1170,464,1170,467,1173,512,1173,519,1180,519,1181,515,1198,519,1201,519,1215,517,1216,472,1216,464,1213,461,1216,438,1216,435,1213,425,1213
212,1212,247,1209,255,1216,255,1218,252,1244,255,1247,255,1250,253,1250,208,1253,102,1244,99,1247,86,1244,85,1244,81,1238,81,1210,85,1204,86,1203,131,1203
348,1216,422,1220,425,1216,445,1216,448,1223,441,1238,445,1241,445,1256,438,1260,416,1260,413,1256,329,1256,326,1253,326,1216,329,1213,345,1213
495,1221,588,1221,589,1224,593,1246,586,1261,586,1263,580,1266,467,1263,466,1263,456,1260,450,1250,448,1249,445,1224,445,1223,450,1218,491,1218
