121,176,131,186,133,197,133,199,131,203,123,205,121,205,99,188,80,186,72,190,60,203,54,205,52,205,43,199,43,188,52,178,68,167,80,163,95,163
621,171,627,180,627,181,625,210,624,213,218,213,216,211,216,210,214,181,215,179,228,172,229,172,619,170
78,197,105,197,119,209,121,214,118,220,116,220,110,211,104,209,100,214,96,224,92,226,90,224,81,224,73,211,69,211,67,209,65,211,59,211,58,210,58,208,66,196,74,196,76,195
520,247,516,243,516,242,518,228,516,226,516,218,518,216,573,216,575,218,575,245,573,247,545,247,543,245,541,245,538,247
679,215,685,221,685,243,681,249,679,251,668,253,585,255,574,244,576,225,574,219,576,214,578,213
198,217,200,219,229,219,233,223,235,248,234,249,228,254,162,252,160,252,153,244,153,223,161,215
243,253,237,248,235,246,235,223,241,217,251,217,253,215,308,219,312,223,312,248,308,253,267,253,263,251,261,253
511,217,513,219,515,244,514,245,508,249,432,247,424,249,422,249,417,244,415,219,417,217,425,215,427,217,466,215,476,217,478,215,507,215
415,219,415,248,414,251,410,253,324,253,322,252,316,247,315,246,315,223,316,222,322,218,385,220,387,218,414,218
86,224,93,224,103,230,105,230,107,228,115,228,117,230,117,239,115,241,115,247,109,254,105,254,103,256,91,256,88,254,82,254,80,252,78,252,78,243,76,241,76,237,74,235,74,233,76,230,76,226,82,222,84,222
