363,47,368,52,368,80,358,92,356,93,324,93,292,106,279,100,278,98,278,93,274,90,274,66,284,56,306,50,310,47,342,47,345,44,347,44
368,100,361,96,358,90,358,89,361,76,364,73,361,55,368,47,396,47,416,56,435,60,445,69,445,70,441,87,445,90,445,93,432,103,403,103,400,100,390,100,387,96,377,96,371,100
425,63,451,63,454,66,461,66,477,78,503,87,506,90,506,106,503,109,499,121,493,127,480,127,458,112,429,100,429,87,425,84,425,78,419,72,419,63,422,60
433,116,466,120,467,120,493,135,495,138,495,169,478,184,421,184,385,175,347,172,308,156,305,155,305,153,308,110,308,107,315,101,318,101,393,107,409,98,414,98
398,212,466,227,469,227,475,233,475,236,478,276,477,280,464,289,462,289,385,283,343,270,305,270,295,261,295,258,298,212,302,209,324,206
427,276,588,316,593,318,594,323,597,366,596,369,567,412,564,415,560,415,384,381,178,384,175,381,165,369,163,366,160,301,162,296,191,269,196,267
147,396,149,398,152,404,152,432,151,433,151,446,141,455,128,455,125,452,96,452,93,449,83,449,67,443,64,440,64,409,75,395,77,393,141,393
472,595,475,595,480,600,480,621,472,629,469,629,466,632,453,632,445,624,445,600,453,592,469,592
498,595,562,595,567,600,567,627,562,632,495,632,491,635,485,635,478,629,477,626,480,623,480,595,495,592
229,623,236,623,239,620,268,620,271,623,290,623,303,632,303,650,297,656,194,656,188,644,188,641,191,638,191,623,194,620,226,620
552,632,552,650,554,653,548,660,467,660,464,656,454,656,451,650,451,640,454,633,464,633,467,630,544,630,546,629
207,656,290,656,306,663,306,675,310,678,310,681,306,684,306,693,300,696,207,696,200,700,197,700,184,690,184,661,191,653,204,653
506,715,551,715,557,718,560,724,560,749,554,755,519,755,515,758,506,758,504,764,512,770,512,778,511,780,495,783,493,783,490,780,490,761,480,752,467,749,461,743,461,721,467,715,480,715,483,712,503,712
483,752,486,752,490,755,490,776,486,780,486,783,483,783,480,786,470,786,467,783,458,783,454,780,451,780,445,773,445,752,448,749,480,749
515,752,519,752,522,749,525,749,528,752,531,752,535,749,538,749,541,752,544,752,548,749,554,749,570,756,573,763,573,775,570,781,568,783,498,783,493,778,493,766,490,763,490,756,496,749,512,749
19,763,19,775,16,778,16,781,6,781,6,778,3,775,3,766,9,760,16,760
435,872,438,873,438,892,433,896,379,896,376,900,366,900,361,895,361,873,371,866,387,869,390,866,429,866
461,866,515,866,522,872,522,881,519,884,519,893,512,900,464,900,461,896,448,896,441,890,441,866,445,863,458,863
364,869,364,870,371,907,369,909,347,909,334,903,286,903,282,906,263,900,234,903,221,896,220,895,220,870,223,866,281,869,284,866,358,866
453,909,454,910,454,929,448,932,446,933,440,930,417,930,411,933,408,930,395,930,392,933,382,933,376,924,376,906,382,903,401,903,405,900,440,900
560,903,564,903,570,909,570,915,573,918,573,927,567,933,551,933,548,930,531,930,525,924,525,906,528,903,541,903,544,900,557,900
210,903,236,903,237,904,239,903,242,903,244,904,245,903,278,903,284,909,284,927,281,933,260,933,257,936,237,933,221,940,170,940,160,933,159,933,155,927,155,909,162,903,171,900,207,900
284,940,278,933,281,915,278,909,278,906,290,900,303,900,306,903,329,903,332,900,335,900,339,903,371,903,380,909,380,927,368,943,361,946,358,946,345,936,306,936,303,940
490,906,493,906,493,924,486,930,461,930,451,921,451,912,458,906,461,906,464,903,486,903
525,907,525,926,517,933,498,933,490,926,490,907,491,906,498,906,501,903,520,903
363,933,369,933,371,935,371,960,364,967,345,964,342,967,313,967,294,952,271,952,265,949,263,947,263,946,270,943,286,943,289,940,308,940,315,933,324,933,327,930,331,933,334,930,337,933,356,933,360,930
475,955,475,964,450,967,446,964,430,964,411,970,408,967,379,967,369,961,343,961,343,958,363,952,368,949,358,940,360,936,372,940,382,933,398,936,401,933,456,930
512,930,525,930,528,933,535,933,544,946,544,960,541,966,535,969,533,970,517,967,514,964,482,964,478,967,472,967,469,961,467,960,467,950,464,947,464,935,472,930,491,930,495,927,509,927
226,940,229,940,233,943,233,970,229,973,200,973,197,970,188,970,184,967,184,961,181,958,181,946,184,943,184,940,188,936,223,936
308,946,311,955,321,964,321,967,286,967,282,970,234,970,229,966,229,956,223,944,216,941,218,940,298,940
478,961,483,969,483,981,486,984,486,990,483,996,482,998,450,998,446,1001,430,1001,427,1004,414,1004,413,1003,413,972,414,970,440,970,443,967,456,967,459,964,466,964,472,958
318,972,372,972,379,975,379,987,388,993,392,990,395,993,398,990,400,990,403,996,398,1001,366,1001,363,1004,324,1004,319,1000,319,993,326,984,321,976,305,976,302,983,295,983,294,981,294,978,295,978,297,980,300,975,313,969,315,969
409,975,413,975,413,996,405,1004,385,1004,366,995,360,995,356,998,337,998,334,992,332,990,332,978,337,973,343,973,347,976,356,976,358,978,358,984,363,986,371,975,377,972,403,972
329,973,332,975,329,990,334,995,350,995,358,987,355,978,364,973,368,976,364,986,368,998,366,1001,340,1001,327,1007,315,1007,311,1004,257,1004,250,980,249,976,255,970,290,973,303,967,319,967
514,1020,515,1021,515,1033,511,1038,504,1038,501,1041,488,1041,485,1044,478,1044,475,1047,453,1047,445,1040,445,1030,451,1021,467,1018,477,1012,478,1010,507,1010
528,1044,538,1063,538,1083,531,1089,531,1090,506,1103,499,1103,491,1116,493,1118,493,1121,490,1124,474,1124,461,1112,461,1096,469,1089,464,1078,464,1075,477,1066,480,1056,483,1056,503,1038,512,1035,515,1035
517,1038,519,1040,519,1046,515,1047,512,1044,506,1049,506,1055,511,1060,520,1060,523,1056,525,1060,515,1069,509,1069,496,1078,477,1081,461,1090,445,1090,441,1089,438,1083,438,1058,443,1053,450,1053,453,1050,472,1050,485,1044,495,1044,511,1035
191,1063,191,1084,181,1103,223,1133,236,1130,245,1110,220,1089,220,1076,229,1064,287,1083,290,1083,284,1107,261,1123,281,1138,268,1156,229,1163,228,1164,196,1146,176,1096,176,1069,175,1066,181,1056,184,1056
519,1044,541,1060,544,1066,544,1090,543,1092,543,1110,535,1118,490,1133,488,1135,462,1132,450,1123,446,1120,443,1101,450,1089,451,1087,477,1075,512,1066,514,1064,514,1046,515,1043
