454,416,503,447,506,449,551,498,551,500,580,564,580,566,586,646,573,707,573,710,568,712,495,718,491,718,490,713,493,584,470,540,438,509,371,484,234,503,231,503,229,500,207,441,207,438,210,435,300,398,302,398,376,392,377,392
220,515,223,518,229,536,228,540,202,596,204,596,204,646,216,698,213,701,155,726,151,726,141,713,139,710,133,676,120,652,114,615,120,572,122,570,139,541,139,526,141,524,152,503,168,500,171,500
599,781,599,796,591,804,578,804,570,796,570,784,578,776,594,776
485,729,523,766,525,769,525,778,522,781,432,836,430,838,343,853,342,853,290,838,197,783,194,778,194,766,196,764,215,733,218,730,241,727,242,729,306,766,355,778,355,776,425,755,467,727,480,727
466,921,469,923,470,926,470,990,469,993,466,995,414,998,212,986,208,984,207,981,200,920,202,916,208,910,212,909,260,909
623,938,649,935,650,935,660,941,662,944,652,1000,652,1003,642,1012,639,1012,594,1006,504,1003,495,996,491,995,491,993,495,932,496,929,498,929,530,926
718,950,721,966,724,969,724,1012,720,1016,703,1016,700,1013,691,1013,683,1006,683,956,691,949,713,946
562,1032,564,1033,567,1058,565,1060,543,1063,450,1053,388,1053,376,1050,374,1049,371,1027,377,1016,411,1016
589,1029,618,1029,621,1032,660,1032,673,1038,673,1061,665,1069,652,1069,649,1066,623,1066,620,1063,588,1063,585,1066,575,1060,573,1058,573,1043,570,1036,573,1029,580,1026,583,1026
705,1038,718,1038,724,1047,724,1066,715,1072,705,1072,702,1069,679,1069,676,1066,673,1064,673,1046,676,1041,676,1038,679,1038,683,1035,702,1035
