429,214,432,215,434,225,434,226,426,260,424,263,216,260,213,259,213,258,216,216,216,214,221,209,223,209
491,270,488,268,455,268,450,265,447,263,450,233,459,222,460,221,527,224,534,228,537,231,537,248,542,258,542,265,537,270,509,268,506,270
266,262,338,264,340,274,336,281,329,284,318,284,316,281,272,281,270,279,262,281,223,281,216,276,214,275,214,265,219,259,263,259
417,264,420,264,423,267,423,279,412,286,399,286,397,284,376,286,374,284,348,284,340,279,338,278,338,270,335,268,340,262
459,381,525,411,529,412,529,418,509,467,506,470,502,470,318,448,266,460,132,524,128,524,126,521,113,497,113,494,115,393,117,390,119,388,186,366,187,366,357,356,358,356
486,462,488,464,488,465,486,487,484,489,466,502,380,502,331,516,267,524,264,523,257,508,257,475,262,470,264,470,357,460
223,496,234,496,244,503,245,504,245,519,243,524,243,525,232,530,186,530,183,528,178,528,176,523,176,510,181,500,189,496,210,496,213,493,221,493
522,518,523,519,520,534,519,535,421,535,339,550,308,562,291,562,286,552,286,550,297,537,369,515,500,510,501,510
280,696,360,701,367,706,370,708,367,738,366,740,351,745,173,718,171,717,158,707,156,706,156,681,158,679,168,674,169,674
21,722,32,722,37,729,37,798,32,803,21,803,11,798,6,791,6,772,3,770,3,765,6,763,6,753,9,750,9,733,6,731,6,726,11,721,14,720,15,721,16,720,19,720
84,820,90,820,92,823,100,823,102,825,110,825,113,833,114,835,111,838,111,843,109,845,99,845,91,840,73,840,70,838,68,838,68,825,65,823,65,820,68,818,68,816,77,816
123,830,131,830,137,836,137,849,133,852,131,852,128,855,126,855,123,852,118,852,115,850,113,850,109,846,109,844,106,841,106,839,109,836,109,832,110,830,113,830,115,828,120,828
168,843,176,843,178,845,196,845,199,848,214,848,217,850,225,850,230,855,230,862,227,865,227,875,225,877,217,877,201,870,178,867,168,862,163,862,150,855,147,854,147,844,150,840,165,840
110,852,126,855,128,857,136,857,146,862,153,868,150,883,144,889,141,889,128,882,118,882,100,875,95,875,92,872,87,872,82,867,79,867,77,862,75,861,75,849,78,845,95,845
244,855,249,855,252,857,257,857,259,860,282,860,293,865,293,870,294,872,289,880,289,884,266,884,263,882,245,882,243,880,225,880,219,877,219,860,227,850,234,850
313,867,316,867,320,871,320,876,317,878,317,888,313,892,306,892,303,889,293,889,285,884,282,884,281,883,281,876,284,873,284,866,285,865,311,865
343,872,353,872,356,875,369,875,379,880,384,884,392,884,390,887,385,889,380,887,370,899,352,899,349,897,334,897,324,892,316,892,309,886,317,871,338,871,340,870
174,870,213,877,216,880,244,882,252,887,253,888,250,900,244,907,239,907,216,899,198,899,174,892,159,892,151,887,149,880,147,877,150,875,150,862,159,862
389,880,399,880,402,882,430,884,433,887,448,887,461,892,461,899,456,907,455,909,437,909,434,907,403,907,401,904,378,904,372,897,371,896,371,883,376,877,387,877
291,892,299,892,302,894,312,894,315,897,322,897,338,904,338,907,333,912,333,916,330,919,317,919,315,916,302,916,299,914,289,914,286,912,273,912,271,909,271,899,268,897,268,894,273,889,289,889
372,907,390,907,411,912,442,912,444,926,446,928,443,935,433,937,432,939,406,931,357,929,344,924,334,924,313,909,312,907,317,899,352,899
