731,232,734,232,759,244,765,250,768,256,768,270,765,276,765,278,759,281,743,281,724,269,696,266,690,269,683,266,680,266,677,260,677,253,674,250,674,235,677,232,696,232,699,229
85,232,120,232,131,243,131,252,134,255,134,264,131,267,131,270,129,272,126,272,123,275,116,275,113,272,78,272,67,261,67,233,69,232,72,232,75,229,82,229
260,232,266,241,266,272,254,278,156,278,154,276,153,278,151,278,138,275,132,269,129,267,132,264,132,240,134,238,146,232,148,232,157,235,235,235,240,230,258,230
672,246,672,249,675,252,675,258,678,261,678,264,672,270,669,270,666,273,653,273,650,270,650,252,653,249,653,246,660,240,666,240
780,272,783,272,791,280,791,283,803,295,806,304,810,307,810,326,802,333,783,333,773,318,772,316,772,313,759,298,759,292,756,289,759,286,759,280,770,269,776,269
287,280,290,283,290,323,287,326,211,335,180,326,56,323,53,320,47,286,60,273,205,283,277,273
358,300,502,303,503,304,506,329,506,330,497,336,459,343,386,340,383,343,348,343,336,330,336,303,342,296,355,296
652,258,655,276,639,295,626,329,626,369,636,400,648,415,652,427,645,436,644,438,628,438,612,420,611,418,598,387,595,335,598,313,611,283,611,281,636,256,648,256
851,332,851,360,843,367,840,367,836,370,830,370,827,373,821,373,817,376,811,376,808,380,798,380,795,376,792,376,791,375,791,372,787,369,787,353,791,350,791,344,794,341,794,338,802,330,811,330,814,327,846,327
521,366,524,369,517,406,514,409,293,406,138,412,137,410,131,401,131,400,137,378,138,375,268,366,423,369,502,360
