366,3,368,3,374,9,374,11,370,39,370,41,366,44,364,44,268,42,266,42,262,39,262,5,264,3,280,1
392,7,423,7,429,11,431,13,431,31,425,39,423,41,419,41,417,42,380,42,374,37,374,33,376,31,376,11,377,10,383,6,391,6
317,59,319,60,325,66,326,68,326,103,325,105,321,109,319,110,286,108,260,112,259,111,252,108,203,106,183,100,181,99,180,97,180,60,181,58,183,57
126,97,168,97,169,98,174,104,174,130,169,132,143,132,141,131,140,130,107,130,105,128,99,128,97,127,95,124,95,104,99,96,101,95,124,95
199,104,200,105,200,128,198,130,198,132,197,133,195,133,193,135,185,135,183,133,179,133,177,131,175,131,174,130,174,128,171,126,171,103,173,102,175,102,177,100,193,100
213,101,282,103,286,107,286,134,282,140,281,142,280,142,248,134,203,134,199,130,201,113,199,103,201,101,211,99
342,109,383,109,386,110,390,116,390,136,382,144,329,140,293,142,286,138,284,136,284,113,286,106,287,105,294,103
480,109,482,111,482,128,480,130,480,136,479,137,475,139,418,139,416,141,414,141,413,140,407,140,406,139,404,135,406,122,404,116,404,114,406,110,406,109,412,107,417,109,419,107,476,107
492,112,494,112,496,114,498,120,501,123,501,134,498,137,494,137,492,139,474,139,473,138,473,134,477,128,477,125,479,123,479,111,482,108,488,108
116,162,114,163,107,163,99,157,98,156,100,143,98,141,98,134,100,129,117,129,119,131,159,133,163,137,163,138,161,149,163,151,163,153,162,154,163,155,163,157,157,165,145,165,143,163,117,163
186,165,181,166,164,166,163,166,161,158,161,157,163,155,163,135,165,133,180,133,182,135,202,135,204,137,221,137,227,139,228,140,228,152,226,158,228,164,228,165,224,168,216,168,214,166,188,166
654,153,654,155,648,163,647,164,632,164,624,167,600,167,598,166,580,166,565,160,560,155,560,153,561,152,558,151,558,149,560,148,558,147,558,145,563,140,573,140,574,139,575,139,585,141,591,137,607,133,642,133
277,170,262,170,258,168,257,168,255,165,255,164,257,158,257,142,259,139,274,139,284,143,330,143,332,145,332,168,328,170,292,170,290,168,279,168
503,145,505,149,505,159,497,168,489,172,481,172,480,171,479,172,467,172,461,168,461,162,463,160,463,152,461,150,465,144,465,143,469,141,487,141,489,139,495,139
365,145,381,145,385,147,387,151,387,152,385,169,380,174,366,174,364,172,354,172,352,170,333,170,330,167,330,160,332,158,332,146,334,143,363,143
471,143,471,145,465,157,465,166,458,174,457,174,411,172,408,169,408,147,412,143,467,141,469,141
335,202,352,204,356,206,357,207,359,212,355,224,354,225,327,223,325,221,305,221,282,227,266,227,265,226,261,210,263,205,264,204,272,202,286,202,297,198,325,198
237,206,247,206,249,204,251,204,257,208,259,208,259,222,261,224,258,227,254,227,252,225,219,225,215,219,214,217,216,215,216,208,220,204,235,204
395,208,397,208,399,208,399,210,401,212,401,222,398,225,392,225,390,227,388,225,376,225,374,227,372,225,370,227,368,225,358,225,357,224,357,212,365,206,393,206
221,249,217,247,215,243,215,237,214,235,216,233,216,229,222,225,239,225,241,227,259,227,263,229,265,233,265,242,263,246,259,248,243,248,241,249,239,247,237,247,235,249
270,227,304,227,306,225,320,225,326,229,326,230,322,238,322,246,318,250,308,250,306,250,304,249,271,249,267,245,267,233,265,231,265,225,266,225
336,227,371,227,375,231,375,233,373,235,373,247,371,249,326,249,324,247,324,231,325,229,333,225,334,225
395,229,397,229,401,233,401,249,399,250,377,250,375,249,373,249,373,237,371,235,371,231,375,227,393,227
