581,204,584,207,584,209,574,320,573,324,570,326,421,350,375,410,360,512,358,515,348,524,344,526,252,520,247,518,246,515,240,493,240,489,258,452,271,367,273,366,336,267,337,264,423,221,424,221,576,203
661,256,699,272,702,273,768,353,768,355,791,407,792,409,795,455,783,516,780,521,751,541,745,567,743,569,718,600,715,603,710,601,666,570,663,567,663,564,678,481,675,433,607,341,606,336,612,300,614,296,655,256,660,255
339,603,342,612,345,615,345,624,348,627,348,633,339,646,339,653,336,656,320,656,311,647,311,644,298,632,298,629,292,623,292,613,295,610,295,607,307,595,311,595,314,592,328,592
727,616,727,635,671,690,664,693,652,693,648,692,645,680,639,673,639,660,674,629,693,601,712,601
361,638,364,638,374,647,377,647,386,656,390,656,396,663,399,663,399,666,402,669,402,670,393,692,383,701,380,703,377,700,371,700,364,693,361,693,336,672,336,663,352,644,352,638,355,635,358,635
655,670,663,678,669,678,671,681,661,693,658,703,642,709,636,715,617,724,601,724,595,715,592,687,592,684,598,678,630,663,636,663,639,660,655,660
426,678,432,678,442,687,448,687,454,693,456,696,446,712,446,727,424,727,421,724,412,724,408,721,405,721,399,715,399,706,402,703,402,696,405,693,405,687,408,684,408,681,415,675,423,675
465,730,465,716,475,698,476,696,543,696,558,690,579,690,585,696,588,726,588,727,582,733,547,736,544,740,484,740,481,736,472,736
328,767,341,773,358,790,358,812,348,824,347,826,328,826,315,832,307,832,298,823,295,816,295,807,292,804,292,789,288,786,288,778,298,766,300,764
672,1186,675,1183,678,1186,685,1186,693,1193,693,1206,696,1209,690,1218,688,1220,669,1220,666,1223,653,1223,650,1226,637,1226,634,1229,622,1229,618,1232,603,1232,601,1230,601,1212,598,1209,598,1200,601,1193,603,1192,609,1192,612,1189,634,1189,637,1186,660,1186,663,1183,669,1183
595,1206,598,1230,598,1232,592,1235,576,1235,544,1244,506,1244,503,1247,481,1247,478,1241,481,1232,478,1229,478,1213,481,1207,491,1204,530,1204,533,1201,587,1198
696,1226,693,1258,686,1261,685,1263,677,1260,674,1263,655,1263,652,1266,620,1266,601,1275,581,1275,571,1272,568,1266,566,1264,566,1247,579,1241,592,1241,604,1235,623,1238,636,1232,658,1229,661,1226,677,1226,680,1223,693,1223
