995,24,1001,24,1007,30,1010,30,1023,43,1026,44,1035,64,1035,80,1030,85,1018,85,1012,78,1003,59,1000,59,984,46,975,46,966,40,964,38,964,25,973,17,983,17
964,27,964,30,967,33,964,43,964,46,949,62,949,65,943,72,943,78,940,81,933,81,930,85,924,85,921,81,918,81,915,78,915,56,918,52,918,46,921,43,921,40,930,30,933,30,936,27,943,27,952,20,958,20
1035,86,1035,89,1038,93,1038,99,1035,102,1035,109,1015,129,1006,129,1001,125,1001,115,1004,112,1004,105,1010,96,1010,93,1018,85,1033,85
935,88,938,88,940,89,940,93,964,118,964,121,967,125,961,134,960,136,950,136,947,133,944,133,929,120,926,110,921,105,921,102,918,99,918,89,923,85,932,85
1006,113,1009,113,1016,121,1016,128,1013,131,1013,134,1012,136,1009,136,1006,139,1000,139,996,142,969,142,964,138,964,128,967,125,967,121,969,120,972,120,975,117,987,117,990,113,1000,113,1003,110
1003,293,1013,304,1013,314,1004,324,1010,337,1007,372,1006,373,990,377,978,370,920,370,918,369,915,320,916,319,932,316,947,325,984,325,992,317,976,300,955,303,943,293,944,290,981,287
996,483,1000,483,1001,484,1001,494,990,505,984,505,981,508,972,508,969,511,960,511,956,515,953,515,950,511,941,511,936,507,936,497,943,491,952,487,956,483,963,483,966,479,993,479
1015,487,1021,487,1024,491,1027,491,1030,494,1030,497,1033,500,1033,507,1030,510,1018,510,1015,507,1006,507,1003,503,996,503,993,500,990,500,987,497,987,494,990,491,990,487,993,484,1012,484
983,518,984,515,993,511,996,508,1040,508,1047,516,1041,536,1032,542,1023,542,1020,545,995,545,992,547,980,537,980,534,986,528,983,524
995,521,995,528,998,531,998,534,992,544,990,547,956,547,953,550,941,550,932,544,930,542,930,529,933,524,933,521,940,515,989,515
1035,548,1035,552,1038,555,1038,561,1027,572,1024,572,1021,576,996,576,992,571,992,558,996,553,1000,553,1003,550,1012,550,1015,547,1033,547
972,555,984,555,990,561,990,568,987,571,987,574,963,574,960,571,956,571,947,561,947,558,953,552,969,552
1224,569,1236,569,1240,572,1270,572,1275,577,1275,616,1270,621,1269,621,1266,617,1229,617,1226,614,1201,611,1192,601,1192,579,1198,569,1204,566,1221,566
389,622,386,632,383,635,358,635,355,638,330,638,329,640,320,633,318,622,326,614,381,614
258,621,260,622,260,638,252,646,249,646,246,649,224,649,215,643,213,641,213,638,210,635,210,629,213,625,213,622,215,621,218,621,224,614,230,614,233,611,252,611
