346,243,346,254,342,260,341,261,317,263,307,267,299,267,289,271,283,271,281,273,272,271,271,270,271,258,269,256,276,251,277,250,293,248,303,244,311,244,313,242,343,240
267,258,269,270,261,276,260,277,252,277,236,284,220,284,204,292,198,290,196,286,195,285,195,274,201,270,202,269,220,263,228,263,230,261,242,261,254,257,266,257
302,313,314,321,315,322,317,333,309,341,279,341,256,349,237,373,231,394,224,401,210,399,208,397,206,385,214,360,215,359,233,327,251,317,252,316,268,312,301,312
364,402,371,417,371,419,356,452,340,469,320,484,319,484,313,486,312,486,308,484,300,471,299,470,299,464,300,463,334,432,350,402,358,400,360,400
217,459,238,474,268,476,287,472,293,478,295,495,293,496,272,502,240,502,212,494,211,494,193,473,182,455,181,453,181,431,182,430,193,423,195,423
355,681,357,684,376,684,379,687,377,705,372,711,347,709,345,706,327,706,311,702,299,704,295,702,294,701,294,695,302,677,303,677
476,684,498,684,500,686,532,686,536,688,536,689,534,708,534,709,528,713,512,709,486,709,484,706,439,706,435,704,435,684,443,679
485,711,491,711,493,713,495,713,496,714,496,718,494,720,494,722,496,724,496,726,498,728,497,729,493,729,491,731,481,731,479,729,477,729,476,728,476,726,474,724,474,712,475,711,477,711,479,709,483,709
474,714,474,718,476,720,476,724,478,726,476,729,476,731,472,731,470,734,455,734,453,736,445,736,443,738,441,738,435,734,433,733,433,728,431,726,433,724,433,720,438,715,446,715,448,713,454,713,456,711,471,711
506,715,512,715,514,717,516,717,520,721,520,731,518,734,498,734,492,729,490,729,488,728,488,726,486,724,486,716,488,713,504,713
315,715,349,717,351,719,374,719,378,723,378,727,379,729,371,738,367,736,302,734,290,729,288,728,286,716,288,712,296,710,297,709
