1526,345,1707,447,1713,454,1713,479,1710,482,1660,527,1654,527,1492,431,1267,393,1252,377,1258,313,1264,306,1320,306
1196,316,1202,329,1202,390,1196,396,1003,447,947,486,872,517,847,517,844,514,813,476,810,473,810,447,825,431,981,348,1149,316,1152,313,1190,313
1526,450,1532,454,1557,479,1560,486,1560,607,1557,613,1539,633,1532,636,1165,623,972,642,965,639,934,607,931,597,956,527,950,486,953,479,956,476,1012,450,1015,450,1420,444
1704,617,1707,626,1719,786,1716,792,1685,837,1672,844,1535,824,1230,850,1137,831,850,837,844,834,806,796,803,786,791,633,794,626,803,620,1694,613
1171,824,1177,828,1190,847,1190,853,1177,892,1183,962,1183,965,1165,984,900,984,875,965,872,959,866,837,866,831,878,818,884,818
1632,834,1638,837,1657,856,1660,863,1648,965,1644,972,1632,984,1626,987,1314,981,1308,978,1277,952,1274,946,1280,844,1283,837,1308,812,1314,808,1433,808
1127,978,1155,1007,1155,1013,1152,1016,1152,1055,1155,1058,1158,1064,1146,1083,1140,1087,1096,1087,1090,1093,891,1093,884,1090,866,1045,866,1007,869,1000,897,972
1327,984,1601,978,1626,997,1632,1003,1632,1074,1607,1099,1458,1099,1215,1080,1190,1055,1190,991,1193,984,1218,972,1221,972
1342,1093,1336,1170,1327,1179,1215,1179,1208,1173,1146,1173,1134,1167,1130,1163,1130,1112,1146,1096,1271,1096,1277,1090,1302,1090,1308,1083,1333,1083
1177,1176,1377,1183,1383,1189,1389,1246,1386,1253,1342,1278,981,1272,975,1269,959,1253,965,1170,972,1163,1071,1157
1535,1179,1535,1205,1529,1211,1529,1275,1510,1288,1467,1288,1461,1282,1411,1275,1398,1262,1398,1230,1405,1224,1405,1186,1417,1173,1429,1173,1436,1167,1529,1167
1433,1272,1663,1285,1719,1278,1750,1298,1757,1304,1757,1362,1750,1368,1370,1368,1339,1336,1339,1298,1377,1259,1408,1259
1046,1285,1296,1278,1299,1282,1311,1301,1314,1304,1302,1349,1299,1352,1280,1365,1081,1365,1012,1384,1009,1387,928,1368,797,1368,760,1355,757,1352,738,1320,735,1317,747,1266,750,1262,769,1250,772,1246
937,1384,987,1384,996,1387,1000,1384,1037,1384,1049,1390,1049,1394,1043,1458,1034,1467,940,1467,934,1461,859,1461,834,1448,831,1445,825,1387,825,1384,838,1378,931,1378
1130,1378,1174,1378,1180,1384,1336,1384,1348,1397,1355,1454,1355,1461,1348,1467,1099,1467,1087,1448,1087,1403,1081,1390,1081,1384,1093,1371,1124,1371
1482,1384,1626,1390,1648,1413,1648,1461,1635,1467,1442,1461,1417,1467,1411,1467,1392,1454,1392,1451,1386,1381,1386,1378,1398,1365,1420,1365
1246,1509,1296,1509,1299,1512,1311,1531,1311,1633,1296,1649,1202,1649,1196,1643,1177,1643,1158,1624,1165,1560,1158,1553,1158,1534,1171,1515,1174,1512,1186,1505,1243,1505
