361,50,362,52,366,101,372,113,372,114,370,118,368,119,354,119,347,115,323,117,322,117,314,111,313,109,313,89,315,87,314,86,313,84,317,69,315,49,317,45,319,44,351,42,351,42
284,44,286,45,287,47,301,112,301,115,297,125,294,126,200,150,118,205,113,205,107,201,105,199,83,154,70,141,69,139,69,136,75,125,77,123,177,64,178,64,264,41,266,41
528,87,593,151,594,153,600,168,600,171,594,183,593,184,561,211,558,212,555,211,480,154,395,125,392,123,392,50,393,47,396,46,414,44,416,44
411,154,413,173,412,174,247,178,241,174,240,173,240,159,244,155,409,153,411,153
170,184,260,184,260,185,262,197,258,205,257,206,249,208,161,206,160,206,158,204,158,188,164,182,166,182
381,187,377,205,376,206,335,204,333,206,271,208,268,205,270,183,271,182,345,184,347,182,376,182
498,183,500,185,500,201,495,206,485,208,484,208,390,208,384,203,386,183,388,181,476,179
302,211,304,211,306,209,322,209,326,217,326,227,322,231,264,233,262,233,256,229,256,215,262,211,298,209,300,209
350,211,351,211,353,209,367,209,369,211,375,211,377,209,383,209,385,211,389,211,391,215,391,229,387,233,377,233,375,231,334,231,332,227,332,213,336,209,348,209
210,249,212,249,214,250,214,264,210,268,150,268,148,266,130,266,128,264,128,252,132,249,156,249,158,247
246,251,246,261,241,266,239,266,237,268,225,268,223,266,221,266,216,261,216,251,223,247,241,247
473,253,473,267,467,271,466,272,448,272,444,266,443,265,443,255,445,253,445,251,446,250,470,250
497,272,495,270,479,270,475,268,475,252,477,250,533,250,537,254,537,266,531,272,523,272,521,270,505,270,503,272
218,266,220,266,222,268,232,268,234,278,234,280,228,286,214,286,212,284,144,284,136,286,130,278,130,270,136,264
425,479,425,481,427,483,427,487,429,489,429,491,427,493,427,495,425,495,423,497,409,497,403,493,401,492,401,490,399,488,399,484,397,482,397,478,399,475,403,475,405,477,407,477,411,473,419,473
