278,244,274,247,261,247,252,235,249,216,249,213,252,207,258,204,260,204,282,201,286,198,324,195,327,192,343,195,345,195,348,201,348,204,345,207,345,232,342,238,335,238,332,241,329,241,326,238,303,238,300,241
384,198,400,198,403,201,409,201,416,207,419,207,419,232,416,235,416,241,409,247,406,247,403,244,393,244,390,241,384,241,380,238,355,238,348,232,348,201,355,195,380,195
482,232,490,240,490,258,480,270,478,272,469,272,440,256,430,256,421,250,419,249,419,236,422,233,422,218,427,213,443,213
260,281,273,296,279,315,287,323,287,329,313,350,310,378,308,380,298,380,289,373,276,349,270,346,237,300,234,278,233,275,239,269,253,269
549,284,554,284,573,306,576,315,583,321,583,327,586,330,586,333,583,336,583,343,567,355,551,355,531,327,503,300,503,284,515,269,533,269
290,247,303,256,313,284,345,330,347,332,350,353,372,400,369,409,366,412,353,412,351,410,350,407,350,424,347,427,340,427,337,424,337,410,332,407,326,392,300,367,252,272,250,269,253,260,266,250,270,249,289,246
171,269,181,284,181,303,143,355,130,380,120,416,110,426,109,426,86,420,80,413,77,412,77,400,102,332,154,270,157,267,170,267
599,353,602,363,609,369,612,384,615,387,615,404,612,407,589,416,586,416,576,407,560,373,557,370,557,355,560,352,568,352,572,349,594,349
281,318,297,340,329,401,342,413,342,416,323,429,303,435,300,435,298,433,297,435,294,435,294,415,276,392,271,395,268,395,255,370,261,349,261,321,271,315,274,315
623,420,625,421,625,430,628,433,628,455,625,458,625,461,617,469,601,469,597,466,594,466,586,458,586,455,583,452,583,421,591,413,594,413,597,410,617,410
107,452,107,498,110,501,114,526,107,535,107,536,101,540,88,540,81,533,78,521,75,518,75,506,72,503,72,456,81,444,99,444
625,490,628,496,628,544,602,596,601,598,591,601,589,601,586,598,567,595,564,592,564,573,573,561,573,555,589,524,589,506,586,503,586,500,593,487,617,487
123,541,133,581,181,636,188,655,178,667,176,669,167,669,122,620,120,618,91,556,91,543,98,536,115,533
591,601,593,603,596,612,593,621,593,623,554,672,506,703,504,703,488,696,480,681,493,666,512,656,531,638,560,598,562,598
196,656,225,678,241,684,250,696,252,700,249,703,249,709,245,712,229,712,197,693,168,669,165,667,162,652,159,649,160,647,173,650,176,647
486,689,486,692,490,695,490,701,493,704,490,713,488,715,485,715,482,718,475,718,466,724,459,724,456,727,450,727,446,730,437,727,435,726,435,720,429,710,429,701,433,696,437,696,440,693,446,693,450,690,456,690,466,684,482,684
435,710,435,713,438,716,438,732,433,736,430,736,427,740,411,740,408,743,392,743,387,738,387,729,384,726,384,713,388,709,395,709,398,706,414,706,417,703,427,703
300,706,326,709,329,712,361,712,364,715,371,715,377,721,377,732,380,735,374,744,374,746,368,749,316,746,271,730,268,730,261,718,261,706,268,700,287,700
