183,3,184,2,196,1,197,1,211,7,212,8,212,12,208,17,205,23,205,25,202,28,199,28,183,18,171,15,167,11,167,4,168,4,171,1,178,1
130,2,142,1,150,4,152,2,160,3,161,4,159,8,159,9,147,7,128,9,98,17,66,39,61,39,49,26,49,25,50,20,50,19,67,7,84,0,125,0
164,14,166,17,168,21,168,22,164,50,164,51,162,52,104,57,103,56,99,52,99,51,100,43,96,22,97,21,99,18,100,18,137,17,150,13,162,13
221,16,222,16,250,45,254,52,254,53,260,74,264,82,263,93,263,95,256,101,246,101,241,96,241,95,229,61,206,33,206,32,214,15,215,15
48,30,57,42,57,50,42,70,36,82,31,85,29,85,19,81,15,77,15,76,15,71,28,47,28,46,42,30,43,29,46,29
23,84,24,82,29,82,31,84,32,84,33,86,33,95,32,97,32,101,31,102,31,105,29,107,27,108,26,108,16,104,14,101,12,97,12,89,13,87,17,82,22,82
178,70,183,87,201,85,202,85,203,87,202,97,201,99,200,99,191,101,195,108,210,99,212,99,251,115,252,117,252,144,251,146,231,154,230,154,168,147,113,157,41,152,39,151,27,130,27,128,33,114,34,113,35,113,36,114,52,131,77,117,78,117,169,115,185,106,169,85,169,84,175,70,176,68,177,68
250,161,251,162,252,164,248,180,254,192,254,194,254,195,252,195,238,193,216,206,215,206,213,205,208,199,38,194,37,194,36,193,33,180,17,166,16,164,16,163,18,162,46,160,47,160,66,167,93,167,198,153
216,204,217,204,236,210,237,211,241,220,242,221,237,233,236,234,217,242,216,243,52,242,16,236,14,235,9,229,9,227,15,206,16,204,21,203
100,268,134,268,138,271,138,287,135,289,106,289,105,288,98,288,93,283,93,269,96,267,99,267
148,270,176,270,180,269,181,270,184,274,184,288,182,290,147,289,144,290,140,288,140,287,141,283,141,271,142,270,142,269,147,269
158,294,159,295,160,308,160,308,158,313,157,314,71,309,67,305,67,297,71,288,72,288
176,294,192,294,193,295,208,295,209,295,215,312,215,313,214,315,213,316,201,316,200,315,186,315,185,314,165,314,164,313,162,310,162,294,164,292,175,292
